Colisões: 47
1301
1109
5262
4258
7514
731
6447
855
9256
5635
1989
65
4231
5971
9811
2402
4844
7276
498
580
6508
7515
1493
8180
3224
338
1188
2871
3750
6354
7592
6949
2469
989
5525
9312
7862
5266
1729
2604
3848
9825
8092
866
9284
5092
5664
3158
4627
8769
2685
5358
1626
3618
2844
454
6444
9553
9157
1880
6706
8788
359
3096
2079
2378
40
5878
165
2785
9091
9360
939
6541
2825
7889
4947
465
6439
7740
7622
2843
85
6674
4861
8566
443
7483
4306
805
4142
6331
4305
4948
9513
904
7974
9307
5772
8090
1939
9928
366
5284
7370
6867
7496
2513
8635
5785
5104
6905
5201
6994
44
1083
6368
4249
5254
6643
7268
7217
7620
5847
6514
9357
1855
834
4855
5111
8867
3008
9656
6868
8579
3588
2501
9291
117
3335
253
8529
9050
2179
4380
8712
2199
8686
1510
7785
9806
7831
8428
2053
2563
7879
7749
7872
7092
528
1364
2653
3302
969
8973
5225
4557
5937
5234
295
6380
1685
661
2508
5697
5792
3270
9681
147
5106
7941
1117
6521
402
5463
8481
8255
5074
6262
9204
172
2753
9734
1773
7474
4131
2396
8563
5279
2510
9586
7579
3816
652
7439
8647
7285
1871
3794
6153
8701
2599
5886
2544
1807
8563
5862
1289
6152
8515
9302
8682
2239
8623
7214
4375
5767
1545
4205
6438
6545
8887
813
9147
6664
6353
9691
2306
9245
2146
7288
9151
4542
3701
1110
6402
3581
9792
1847
1394
2994
1598
9441
1180
1640
7753
4138
5315
8933
8270
2023
1255
3360
1010
8436
4555
5672
3952
732
3109
1946
6691
6256
1405
1679
8414
9485
2974
6744
7530
8041
2843
4249
917
3989
3331
3596
6010
5220
1767
1175
1004
3926
4141
2955
6112
587
4840
4587
2707
5582
2449
9076
5886
3260
9369
888
9588
9467
1166
3581
52
3762
4526
9245
130
9779
3185
5778
4196
9497
9636
7703
2356
9772
7726
7821
5674
3875
2975
8190
2778
441
9416
5726
576
5928
7244
3340
9626
9456
7984
624
4046
1403
5485
76
2490
6777
5552
3241
3734
9272
8990
7742
8390
6660
131
92
6915
9852
6276
2036
8279
5968
468
8037
3553
1643
9894
8708
7573
8185
1871
5796
4629
6271
6129
8803
5588
2979
7102
5409
8315
635
6336
5203
9012
6644
3456
9404
9615
9446
9540
280
3298
632
7380
5016
3141
458
4806
503
6511
5468
5278
2565
1038
172
5231
225
7035
913
1107
4180
9272
6526
7347
4989
729
2940
6889
1162
8792
2717
9555
8318
256
2873
8761
1641
3946
9574
9247
5479
5797
3485
8485
2007
4512
8072
7894
4984
8408
121
4252
977
4562
296
2352
5135
1426
598
5504
6122
8625
4196
2596
9741
9451
2732
8230
2243
4875
7679
2078
9664
8642
901
5889
6343
1677
9070
3252
5029
179
5377
9436
1920
6550
5164
4113
1385
2627
85
3803
6405
895
4092
1973
9127
4460
9921
7511
9372
2712
1973
9586
3452
730
3026
2167
5861
987
9086
9466
6073
1820
9280
5440
3512
3317
8971
5794
5835
6075
9887
6336
9444
3687
669
1341
4336
475
7719
6882
7137
6945
1764
6640
9468
6178
2307
6179
3240
4578
3450
7225
8407
7178
1063
9012
5646
9550
5816
7436
5792
9117
3110
849
9146
2017
3972
7103
7180
7379
4403
8083
8097
3958
7688
1620
8564
4259
2099
8126
3073
9911
5689
12
7107
3729
6147
4625
3102
9630
1536
2467
336
3421
3026
852
4579
2322
7189
6379
6616
6873
5258
7372
8790
5198
4676
7944
8857
9048
3622
6491
8203
682
8708
9152
2002
3033
2559
949
1606
40
9008
6278
2330
3577
7326
3113
2547
5049
467
234
3770
2046
5475
9202
3111
2494
6970
6313
3309
1368
297
6708
5500
7808
3780
5700
3109
7851
7118
4523
5054
8165
5272
5889
35
852
6820
6004
4117
7993
8219
150
7156
6866
5087
4976
2468
1237
3101
2800
4151
3110
9742
9586
23
9173
2828
7347
8495
1277
6273
5806
3334
5082
4185
4804
974
5450
749
6804
2937
3545
1810
3624
7648
4895
4631
8615
5576
8410
2153
6432
4451
597
9810
5495
2372
585
4891
7230
7737
5784
7084
2954
8726
3597
5986
9527
6566
1925
4641
4394
5230
5757
2998
3484
2342
8315
4227
6096
3413
538
2563
2501
1579
9289
7907
4088
676
9803
3035
3575
3088
1413
9429
7388
8631
3655
4999
7282
6148
297
2253
7359
7883
3776
398
8179
6384
8282
9440
4500
4945
6664
4307
4544
9937
8102
5906
9493
25
5442
2230
7221
4320
7369
6998
4229
4703
11
3341
7171
123
3414
3777
7880
6757
5101
3591
5733
5924
7671
8278
1058
3433
386
169
7444
8108
5121
3398
7804
5530
5274
2158
8490
1529
6661
6619
301
8462
8349
9590
9161
2662
4221
4451
2480
4149
4356
860
7518
4656
6492
9785
8139
1956
5181
5874
9204
9294
4352
4582
5339
63
9765
5972
3704
2140
9158
2298
5322
2093
4735
920
8614
3632
1446
9301
9531
274
1407
2032
1971
9724
460
7029
8467
8013
4127
8025
1386
6636
6435
7848
410
4852
2259
1327
5639
8806
3397
1147
5467
2438
8011
2896
8390
8161
8258
8729
790
3134
7871
3271
1424
9164
923
3748
7469
6229
4157
8115
8373
5977
5310
2579
4696
5989
4535
7180
6192
8550
2542
4592
5379
9987
2210
2521
913
8334
5726
1535
6796
7531
497
9440
1478
7149
7144
4202
9200
3697
4656
3011
8990
774
2079
5325
4785
1725
1358
4184
713
2599
4615
4978
6601
7162
2930
6938
3100
2817
86
6119
6733
8183
8120
8993
2722
3821
392
2625
4589
4127
9332
4860
3067
4597
1212
6151
5110
9880
9683
6157
3480
9550
2857
3101
5342
8587
9021
9739
6107
3454
3086
4283
4315
5903
8821
108
6768
8081
9405
5366
1335
1907
3528
8705
1314
7101
3508
1824
7102
7460
8818
3841
3980
5987
6282
3561
949
9630
8534
1351
8908
1970
4045
9344
2261
750
4192
