Colisões: 3666
3184
5510
6514
3829
4866
7122
3510
2355
3840
416
9023
6163
3752
7880
8296
4272
6300
9265
1549
8785
6212
7121
5535
571
5878
9217
4997
1040
6180
4996
7861
8146
2207
5853
7489
4622
3112
5375
4243
3951
1619
383
9089
783
3246
2398
3209
9686
3515
4403
1471
2234
6558
8732
7453
5788
5551
5443
1803
2798
7319
8792
6962
9316
6732
585
7710
4741
3746
7264
6799
5969
7922
7640
4907
6209
3252
8476
1227
3438
6798
7084
16
2341
4088
8884
1528
671
5216
8179
1851
9153
6656
4006
6536
4524
7210
4078
188
2528
9896
6426
1288
2887
4470
6028
4750
8966
4531
3157
3491
7444
562
8785
1236
912
3230
6472
2940
629
190
2545
90
5184
1053
7442
4048
1276
8223
1551
1539
9614
3751
6338
4588
1079
8617
8062
7352
4250
1491
5425
5119
8509
3420
6215
419
5999
2338
8605
9205
4741
4468
3676
8760
8758
646
8403
1586
6726
9298
1279
2549
1902
3324
3383
4497
5088
2353
6719
6862
9027
118
1056
1414
4
2207
3445
8318
1398
4324
2606
6617
9107
8163
7930
7239
8790
729
9934
8585
5435
6648
3937
7280
8646
4786
8969
7506
3789
6710
4074
4165
4317
8684
7638
9342
1195
4824
4230
3175
7287
5492
909
7667
6790
8055
6375
39
6853
9164
8857
8581
8440
614
3052
155
6167
3308
8982
8330
492
3780
9301
8891
625
5936
7756
2942
3810
6296
9288
4346
475
1217
8848
2905
6380
6902
8682
610
8548
7696
3225
3349
6484
4443
9056
3156
6255
9016
7168
5038
2824
4443
2064
8140
9640
66
9190
1887
7441
4306
8454
6545
983
8116
7575
5085
2910
5039
1116
3980
6903
6337
2430
1005
3281
4289
1018
1545
169
8493
1098
5873
5787
1204
5932
5966
9892
2614
2832
9738
4026
2573
3276
4131
7716
6977
1493
2996
6262
56
2436
5942
4041
8645
4996
6117
485
1458
6626
4511
136
1746
37
2224
9600
7462
6001
8083
1362
1479
2903
7464
2351
2908
2210
9240
7146
2390
734
1733
9879
7213
2226
6775
4603
25
3631
5027
6647
8304
3548
5458
3580
997
8895
616
6760
2704
1913
579
3054
2641
8432
6842
7327
6799
6357
3894
5467
8117
1520
2496
534
604
5572
5040
7446
2451
3707
700
9664
3275
6726
553
7915
5817
4090
1614
131
5263
6902
8560
9692
3973
8124
5154
2023
6169
8991
5212
1708
1281
7388
3716
8102
4967
5005
9880
5023
8660
4854
9742
4936
2833
6623
963
985
6953
2900
8686
9612
4853
9612
6696
6839
7667
5013
6264
3563
7461
213
2446
4714
4633
6108
6529
443
3491
6837
6617
7868
9790
4711
9867
480
3902
1906
3809
2886
2474
4683
533
8742
5290
7067
138
1030
5414
5877
7221
7618
4760
1322
5866
6864
4138
6389
4926
6755
17
2450
8266
9072
1546
8583
1985
2434
501
8484
9361
4590
4070
2484
2400
6219
9899
3312
8620
2536
7034
7129
4959
3544
2987
7700
7979
1303
7555
3674
6467
1995
1894
8361
7987
2872
389
8578
6227
7248
3704
6951
1287
3593
9395
2916
8803
9932
3352
7614
5643
5291
8535
9056
479
2161
6705
7530
8810
2691
1326
2118
5200
3654
7941
7098
941
8005
9835
6422
4201
8358
9957
8492
8321
752
1149
7572
9693
5066
1406
8529
3356
3104
6980
5891
1752
3586
6356
2918
6080
1159
9698
7630
7351
6171
1375
1786
6024
6559
7582
8268
8396
226
9167
9997
4710
9674
3393
1435
782
6860
2000
2883
5280
7374
2756
7171
6964
4108
4202
1609
7748
8982
5228
4195
8832
2605
940
61
5807
9610
9573
7979
52
4222
3833
2257
223
5030
9689
2044
8890
1551
765
43
2489
6901
1740
3813
9090
7990
4346
676
2152
8222
4049
435
1073
740
9723
4795
8094
75
6738
2362
9823
5608
3014
2713
7662
3799
6982
1837
5453
2452
1354
2467
5875
1635
6246
2596
7655
8647
2575
9053
562
9598
8017
2485
4058
6616
4016
3998
9393
4084
5758
5294
9640
4654
4336
8989
8207
2886
4005
5949
4428
5423
5701
7699
4891
1887
8155
7077
7784
5306
2721
814
6723
3790
6706
6416
9896
3631
2008
7698
9630
9792
4873
5810
98
4409
1298
2739
9932
9982
1183
4726
4482
6877
2259
5549
2365
6442
6024
3340
1765
2245
8261
7320
5292
3351
381
5790
4314
7768
1543
158
212
4224
1097
312
5394
172
8100
4198
5158
3639
8302
5582
4296
8939
2814
6945
7866
1391
1322
6047
2613
6804
1854
948
7949
5978
2607
3089
7569
5675
3319
164
2492
542
6433
8707
416
1578
4762
2284
9203
138
7260
7156
6668
966
1887
6212
6231
173
762
2709
15
5303
9881
9998
3368
2459
1769
7788
4034
9920
9170
7049
721
2034
1018
8912
3674
8377
4231
8473
9770
5524
7064
3622
8831
2611
5564
1169
1128
4187
1966
1318
8260
1823
9879
212
1702
2612
3559
1461
7163
5225
3242
8167
416
4840
560
7905
8771
5621
5510
4097
2426
2332
5350
4785
3829
1400
2443
1979
3834
2941
102
1857
3778
4412
4702
9728
9190
2823
662
4967
9399
8663
2614
3701
4025
2310
427
9877
9836
1892
4503
8764
5002
8293
1661
1331
3972
4518
2549
609
1272
4786
2730
3618
7538
195
4380
7125
1013
2071
4119
4830
4821
2742
4395
9652
4353
2259
2702
7453
8624
776
656
4418
1248
1480
2935
285
3271
8900
4379
1604
4053
9824
1783
6976
4786
8710
7753
1078
1440
5053
2589
4922
7836
9380
488
9075
137
6979
949
2599
2105
9580
9140
2706
7199
9280
9225
3199
5212
911
7392
134
3966
4984
1918
9063
7716
8952
9065
8900
9263
4196
2415
6748
7769
5385
6234
4957
3868
1861
9938
2212
5619
3780
2160
287
975
8287
5905
7910
5294
5246
8561
2023
6120
7949
6497
6172
4853
5742
7241
7967
14
4038
9842
6676
6448
2809
118
743
8659
9454
6184
9744
9961
5197
2014
37
4705
3840
5652
3313
5109
7510
7162
6161
3956
8495
8348
4374
6536
5212
1782
3885
7904
2458
4650
2871
4566
2504
3207
4134
1352
4925
3131
3496
1645
9348
4169
4208
8675
9297
2489
5488
2249
6391
7192
9366
7501
8292
6515
1293
5732
4475
3644
503
6384
2160
5788
3981
3222
2416
798
4186
9325
4276
3282
9643
7907
7873
8012
7312
1435
9856
7033
5857
3168
2553
8231
8469
9363
2926
947
1203
35
4878
3620
170
7984
1099
5843
1894
8847
3590
5881
3798
7438
5271
4821
1610
5993
1599
3105
6366
1040
7630
9940
8585
2964
4562
5766
7206
4570
4062
405
653
4264
6095
2675
1485
7150
3167
6101
5802
1014
7977
4655
2940
3753
6411
161
1752
868
8320
7652
282
3024
1559
21
9604
7825
6779
5470
9763
2318
4367
198
6816
5655
4944
2003
1044
1055
4437
4865
6722
16
8662
3536
3672
2707
1704
226
2613
6234
4285
2939
5682
539
5597
5313
4906
7648
9973
5122
6071
5582
1912
7346
3509
7451
7224
7094
6397
2422
8025
7534
6721
6962
5433
4293
13
7618
5584
2016
4399
4692
3138
4334
4536
8681
3213
7675
9756
5335
916
1913
586
7857
6104
9604
8917
4871
4763
7071
6257
1854
8067
1247
8598
605
65
2154
1247
1923
5650
1467
3103
779
7076
8383
1077
338
9167
7691
1720
3906
6619
4904
2655
3672
8566
3422
4287
5860
6635
415
6870
1448
5591
4995
6726
8288
6115
1633
1568
911
4790
9746
3951
363
2337
3044
8901
9187
6752
6190
9540
6907
4639
7097
109
6024
7647
5731
7742
5924
3627
807
3368
1869
2400
5447
9817
8363
3331
8716
1136
6003
3589
3100
2361
5003
44
5874
3009
9657
1195
7230
2187
6372
7872
5232
6738
2384
3642
5245
4243
6511
4512
5118
325
9799
5376
3122
6824
8334
4583
3018
8396
1543
3290
5003
9266
763
6988
854
2855
4638
1814
5060
4973
2170
8125
2169
2244
4383
545
6811
4913
6981
8440
5836
1465
2112
8286
621
9326
8171
2577
3735
1778
806
6269
8583
5198
7241
6620
5372
506
8722
2338
9009
5335
8108
5401
3306
363
8828
6682
6284
8746
7256
6743
839
5176
2168
6410
9896
8988
1469
1517
6302
2825
7740
8566
1123
5199
7755
4565
9443
4565
9602
8896
9609
3717
4357
2863
1195
9198
8506
1267
7480
8565
2084
8272
836
3570
6251
7964
3790
8567
6664
2433
3899
8910
3855
3010
4581
549
8764
769
3001
3634
998
5650
4387
5593
2962
9152
758
5778
7352
8569
8062
5078
901
2881
5599
4622
4442
9240
776
4362
8754
9568
2161
6751
330
4432
2872
4424
6332
36
2943
2655
9713
4382
9873
254
6747
3757
2564
7619
4188
2551
6592
5758
8059
6955
1758
2822
8856
1530
865
4306
7740
7536
663
8390
2576
4242
8877
7021
2721
9340
1903
9844
3441
4330
4712
1872
6296
9187
8249
8520
776
2366
4466
5593
4251
7954
1660
1525
6433
4312
1589
6131
3213
6983
9462
6591
1056
1757
3187
2651
7882
4127
8650
6492
4922
8427
3946
7805
7808
876
8229
6512
4155
1997
9216
4655
1458
1360
6701
8787
157
3813
6780
2328
8162
7809
295
6135
2610
1343
8634
9790
8310
4684
9719
1634
3680
8855
6240
2488
4973
6362
9471
754
7159
2945
2316
892
7851
6334
1504
756
9505
6138
105
8329
8428
9612
2465
6662
2328
4487
1261
4156
6583
9477
9405
9864
6503
418
5820
3761
8697
8456
5509
8652
2583
191
6146
3073
8797
5037
4003
5091
6396
3088
4156
4156
5875
6567
6586
5299
761
1682
3092
1346
9624
6247
8973
9004
988
173
6927
7743
6954
4400
3147
645
9296
1255
8248
1839
2144
1808
2466
7543
7512
637
5555
7222
3304
280
3057
5614
431
3382
9356
5459
3334
9429
9593
6642
6310
1707
8010
8091
9209
2716
201
7381
710
5407
6169
6754
537
945
8077
9051
8163
7196
1621
8515
2001
3679
1420
9230
2881
2866
4834
3254
9874
6026
743
6743
7019
1293
612
2512
9200
5069
6603
9366
9600
801
2049
794
8771
8881
7916
9677
6439
8506
4309
9558
4560
7960
7637
783
9719
5787
1129
9022
7540
6215
4352
643
218
4587
1858
8865
7719
6998
4175
8286
3949
1052
2877
9746
2308
5574
445
6784
2669
9076
5324
107
6740
934
6449
8545
8906
6592
4978
1788
5581
6225
5234
3491
307
989
6171
932
5134
3885
3516
334
5023
3647
1460
7624
5174
9517
9046
5259
7931
8603
8646
5534
8837
102
5964
4112
8836
5597
5148
9822
1816
4660
7894
2595
4871
8591
4629
5198
7613
5639
2286
2644
7569
9626
3722
842
4791
7833
3066
1075
1906
4816
3791
4643
5832
467
1071
5458
2044
4280
1092
8491
8571
9357
1629
3875
3151
1291
8738
9272
6453
3598
6923
290
8518
6193
7664
718
241
503
6789
2641
2244
8484
192
4072
5189
1547
7997
4571
274
9997
7193
3331
2379
6360
697
1550
4848
2981
3086
1299
6739
7156
3096
7415
5231
6778
3577
4432
6682
6812
6976
6453
1779
3029
4545
5666
2093
4051
1420
388
7302
1446
936
4762
4988
7985
6213
9450
7122
4790
3713
8017
4505
4428
170
4781
991
768
4231
2692
8334
7023
293
3065
4352
5683
9517
8066
2029
7702
9130
385
9409
440
9994
2671
2380
5366
6618
2471
4066
4028
5525
9467
9640
5200
750
6380
3344
1544
2081
6014
6438
2450
1880
6460
2964
1436
1651
1689
9483
8242
164
2636
7452
2729
8912
6243
3208
8732
9520
1403
9678
1463
4376
6302
7842
2251
413
9117
8038
398
8370
8329
6062
4540
2695
7322
9825
1205
4536
8538
7185
3245
210
4469
1209
6210
2923
6154
9680
4126
1826
7952
5167
1678
3824
9788
6874
3590
8781
9172
7801
7572
673
9864
5838
5663
8909
1822
2741
5273
1024
1372
9035
204
431
5379
4632
6490
3591
2617
8945
4436
8039
8229
7228
3899
8187
8674
687
99
9952
572
3560
1954
5799
5759
5162
96
8557
7629
2760
492
9817
5713
8672
7812
4999
3291
631
7678
3608
4156
1996
5690
4452
1835
7752
6716
9852
9819
3817
3141
3930
9723
9441
9483
1361
199
1503
3612
738
1564
7532
7239
9432
992
3606
7156
200
3283
7379
2392
4463
3292
7525
8903
7366
6453
4937
7956
7510
2851
9360
195
6963
2974
2289
8172
619
6802
6065
5939
8701
8096
9477
8955
2022
1884
3883
6016
8240
903
1828
3281
3990
1148
9611
5381
6583
1329
8280
9451
2868
758
9909
8924
6688
1670
302
691
3131
3760
6686
5554
2302
5935
9111
7419
2434
7549
2763
859
1422
4518
6948
6495
1398
4719
1104
940
4112
7131
3688
4071
5164
6130
4643
2564
4018
9797
6982
8967
2092
8332
4158
8248
6925
2026
3729
504
3441
2710
1219
564
765
982
238
24
6246
719
7045
4099
6253
6747
980
1308
8099
9010
892
2479
4446
4008
9746
661
6666
5266
8199
4043
4005
5867
6888
196
7563
4034
9879
110
7630
9431
9703
680
6751
8552
9621
7071
8583
9326
255
1497
1025
9957
5619
8975
5720
6693
4151
3113
5625
5726
648
6417
3405
1028
6189
4134
6201
2790
6501
4255
8322
3635
3994
4167
4522
6568
6842
2340
7164
6860
4491
541
9881
1792
9085
2483
1859
3944
6241
8474
5641
7576
5270
9525
2195
1641
2278
4717
8596
1705
9036
5365
2344
2422
613
1465
8100
7411
5453
8897
3000
8376
8468
9508
7746
1370
5367
5970
6104
8620
5664
6271
4288
3700
5055
1369
4605
5021
5145
179
9003
408
7225
7167
5928
542
1124
4204
685
3901
7716
5039
4088
4672
6950
2971
8807
5352
4700
1179
4566
7628
6670
8937
9333
7886
6114
7689
2781
1198
8777
7234
5744
7828
9176
5817
3236
5138
5315
698
6554
6414
7572
35
1226
3167
5325
6576
7322
6142
9480
2955
7659
7268
3589
2097
9194
7586
5094
8118
8835
4034
6433
1317
4512
5509
7229
579
5392
5993
1616
3715
5081
3305
3365
7012
7663
3373
118
5726
6886
1609
4025
7681
4793
3671
193
6418
8923
9156
911
4067
2651
9877
5271
7387
4960
7565
4881
6916
8380
2006
1315
4935
2308
3175
8732
319
5131
2375
3406
4380
8147
2848
9722
5715
2662
5848
7618
7569
3548
6162
8140
9381
9311
7186
4842
1288
9915
92
6332
222
2025
5404
2890
7878
7999
1030
1330
8025
2664
1176
5114
9630
6939
6054
5677
1551
3098
4698
8421
6505
360
2481
2707
6498
8397
2042
5442
2793
5775
6205
6362
4689
1818
6529
3579
638
1378
2318
4736
4824
2369
604
5108
1112
3433
101
5860
2450
7997
8126
1027
3657
6074
9733
7046
4454
7587
3453
948
3053
6390
6741
4708
4256
4616
6812
6487
9500
9256
976
2262
9155
1640
9811
5885
8144
3657
7916
2649
5504
9182
2589
3650
469
7900
4821
4843
3075
2655
7556
2878
3582
5413
6500
8306
7405
6391
8060
9392
7130
1365
7741
1308
819
1457
6732
6112
9217
8822
5168
2884
4524
7090
2266
8863
4336
2410
8309
1464
8722
3763
2723
5506
8148
7280
2321
2978
1692
6224
7276
9284
9163
8517
3486
9103
8902
9131
535
1370
7537
8620
7807
129
2118
6826
5697
3480
2071
1496
8203
9180
8578
9617
4165
8864
8701
4172
8195
2753
5519
7620
8768
7281
2376
9850
5252
6653
6595
3177
1481
1127
2887
3505
2360
5024
7463
6842
2588
644
6270
4542
8708
145
9964
5954
4134
8661
4662
4646
9326
7055
2684
1740
3467
6517
4610
9599
8595
3961
2083
3652
6840
3330
123
1257
2137
2506
6701
3708
9485
7624
4654
6782
2389
1283
2272
5971
4425
3495
9043
5007
5892
8778
374
9537
6086
4271
1871
8318
9766
5069
6786
2359
4735
2193
3487
7545
3089
3495
8079
436
2542
3336
5060
4454
6668
2126
6404
8953
306
6384
9712
2473
3176
218
1790
9368
2171
7533
7855
1750
3953
7977
7794
2702
976
1232
2487
4206
4233
5036
7272
8106
2246
2170
5801
5457
727
8175
9482
2851
8552
5263
5531
6511
8974
1179
9110
6795
4982
7816
399
8097
6592
6972
1327
6655
1410
9763
8
1821
3773
7892
268
9220
8197
2250
6724
2301
5215
4061
4692
859
2230
2958
7417
9184
375
2228
3502
7176
7849
1302
308
4643
3997
6780
177
5415
5278
149
6104
2387
3082
695
8682
2485
8367
2815
3382
8208
8738
6819
8149
1523
9420
4987
9760
3253
9609
9657
5687
2644
1794
8173
7762
9648
2962
9793
9309
1344
4105
5181
7607
4718
4928
5964
4761
3773
6344
8902
2381
6863
9531
2041
7149
276
550
3289
8024
4731
9926
4012
2529
7679
8601
3851
6460
5060
5380
4063
7169
6410
7828
4218
6204
5256
4449
9383
1437
2913
8554
6710
5605
7757
9100
9680
3740
8952
2202
5035
1481
5388
318
4193
9093
570
3256
7281
6382
3427
310
4433
5014
1753
5875
1227
8712
9067
6672
4207
2672
8665
7476
4176
7310
4331
628
2675
8646
2691
1565
2651
9407
6759
2162
2683
183
9739
9827
9786
3532
7538
9278
2983
3032
5177
9989
8252
5069
7377
3943
4697
5727
3854
8924
7348
4279
2023
4212
5140
3742
3048
2527
9001
5409
3487
3216
3761
6221
678
5676
676
7451
2449
3559
889
8612
5753
5481
6918
8475
8865
6662
4002
452
1545
1800
3075
2929
4769
455
4563
654
9935
1190
3757
9447
5102
2230
3195
2994
9724
564
344
3709
7240
2603
9744
2898
3056
1967
3078
4892
7315
151
7079
2205
5519
1806
934
9577
5760
814
1649
2027
9526
5801
3999
3515
8564
345
1750
6454
3578
3390
8540
9374
743
7899
5290
6501
899
7571
462
8042
5809
7137
4932
780
669
873
3385
3488
9323
7082
5441
842
9315
6250
8899
647
8447
8736
7537
5099
8551
6131
2460
1316
1254
1999
7757
6488
2221
2341
1204
2698
100
4058
8741
3736
9098
3878
7876
2641
3107
1489
1931
5871
4156
6354
1710
8453
1786
5973
4605
3927
8983
5126
6566
2758
8029
7167
7845
7206
1913
523
2880
4306
3970
8676
5317
5983
2241
5883
2143
840
7718
3709
2765
5573
1772
7315
4458
3867
4570
8466
2962
5949
5428
196
588
5474
8481
6634
3667
6056
8368
2483
3536
8450
7309
9368
3421
1384
6725
5777
79
6745
2389
3107
5597
9263
7826
9351
8172
7162
9500
3828
4209
9638
6046
9332
5531
3906
3818
7805
8383
627
2606
6899
3991
8748
6618
1664
4619
2307
2393
520
5135
8252
9093
2643
9943
5636
7223
125
5789
5536
7615
6515
730
2160
5635
3776
394
1720
4000
9357
8351
6650
5247
2011
4313
9772
4396
3785
6376
4778
127
600
7820
7510
415
4303
9805
4382
8510
9756
108
7468
6193
4317
9012
8633
6397
2980
9852
9883
8768
7286
8117
4003
3373
189
9456
2492
4936
8528
8736
9345
7257
9343
6023
3275
1101
1920
8466
952
6315
3275
146
7498
1577
1098
4296
6652
8572
7866
1751
3588
48
4501
9372
404
4881
6184
6486
1740
3040
1626
5738
597
2385
4602
3986
4886
6397
9319
7722
9576
7377
8480
601
7568
2816
5859
465
103
5714
4503
1582
9020
6943
1654
4970
2594
7745
3582
7401
7671
4075
2499
7015
5290
6107
437
5903
8990
6195
2015
7979
9103
1023
6564
9887
1600
9117
3477
53
5598
2237
9748
1747
2824
4858
5280
354
7085
5642
3363
1637
8669
4260
2014
199
3306
6100
7448
3159
4026
8884
2720
18
4188
5704
9901
8509
7111
5683
7668
136
3492
7649
1131
4380
1658
3926
5133
8385
2912
5380
8560
7865
5652
7590
1987
7383
6213
8735
2886
3080
6290
3778
4938
6756
3664
5018
1845
8336
2851
7951
6383
8986
7178
2461
3917
3065
8253
6192
5595
6529
9521
9386
7930
6100
5581
4750
634
9426
1764
5988
4717
3058
4057
9782
2910
502
8128
9528
9960
8669
4784
8993
8747
8418
5079
4137
3765
262
2569
685
8065
7352
3940
2943
7527
1844
2914
5094
9841
7456
8065
3721
2828
3428
1908
2937
6033
6260
1356
9240
1343
3392
7392
3458
7676
7868
589
8100
4255
6363
7773
8841
5640
4126
517
7993
5769
5217
2412
7076
272
9341
7706
882
1934
7749
987
8737
9028
682
602
6544
1987
7765
8307
6739
3580
67
9645
7773
2576
3803
5153
6943
4058
7865
7479
2576
3870
7543
1410
8697
9953
9371
3657
2611
1189
2323
1841
9694
8005
2408
3533
9885
2144
1818
3250
8947
4842
7173
9069
1951
1970
6704
7071
6984
4255
6440
6228
943
3248
2619
651
6685
7273
9403
9628
926
857
834
8366
7489
109
778
4944
8400
91
3482
9704
6990
9125
2787
336
9701
47
1588
5118
6172
1704
82
8329
3519
3856
4122
8299
813
1083
7376
7316
8769
8851
112
2296
4377
4930
5994
1948
2629
6717
1009
9410
3651
6051
3431
1530
8893
6748
1972
9320
3863
7592
5240
5893
5693
7139
9884
4052
6840
414
3238
6236
2964
46
660
6423
6979
8580
8521
1243
4019
1213
11
1041
5041
824
8598
5361
4880
2542
3882
7245
9183
9442
7092
1883
8787
4583
6834
8572
3556
3273
1533
3400
1439
3084
170
7005
5008
9514
7130
9408
902
7784
1819
8298
6127
3182
7872
1387
1955
3318
2149
306
1871
5209
391
5767
5069
9169
1794
5387
7954
4356
6021
9015
5770
1961
6563
1841
4060
2286
8387
9084
23
2413
2520
7945
7844
684
9088
546
2152
8212
8475
8510
8542
3112
9322
7979
3070
3676
1406
5325
7049
2690
61
6855
8624
3680
499
4559
1379
9645
5482
3663
2079
2788
6076
3475
1270
6320
7016
1852
7589
931
6164
245
534
8835
2482
1628
2522
6127
4732
2622
3152
4612
6784
5472
9750
6091
4694
6478
9884
3425
7245
6578
3131
4649
4189
9498
9868
4037
37
6585
1381
7715
8705
4894
8511
4750
3881
3617
4355
8081
3403
2168
8226
8892
3373
801
6693
1247
9026
4426
4476
5921
3994
2300
5795
2792
7510
5293
4005
7838
2986
4712
3093
4552
382
633
5543
2017
2466
2013
2572
400
5336
3493
1131
1383
1061
6241
14
6428
7096
6413
3704
5280
6056
6936
2480
1394
5935
9568
8483
6129
3154
7546
920
20
5416
589
4800
8488
8158
1152
9918
2399
8259
2316
3478
9537
4637
768
8873
5421
5365
197
2269
7740
3119
1230
8342
5144
6840
6756
5044
2252
1760
3850
8661
9687
4091
2117
3856
1155
2081
4049
5792
9103
1167
3278
5722
5544
2986
7882
5784
2051
8288
2602
3927
9192
934
5963
1969
9533
4495
9089
9738
2321
3955
6603
8783
4676
1866
8685
2288
4897
2711
88
5355
9017
5218
9084
3075
6687
5119
8673
9737
7312
627
258
694
4590
9355
4881
5923
4428
6326
8300
587
2389
1836
382
1159
5208
7060
4708
1418
5577
2575
7189
4851
4385
4865
8025
1661
3212
3557
427
3452
86
938
2272
6313
8465
3978
1882
1231
9729
3423
7205
4553
7171
3538
5980
3182
7836
1841
9781
1127
5669
523
1570
5535
3691
1513
1093
6047
3173
9628
2145
4352
6457
9818
2400
7100
7219
2028
6989
2402
6643
9538
8482
4783
1446
7914
6817
8763
363
4200
1050
3019
9667
6072
4857
1928
7288
3868
1641
2
2163
2594
1574
7078
7753
8220
6717
6037
8858
1777
9003
6513
8900
5911
8723
2427
4652
3877
2693
269
175
7508
2168
1868
7699
6247
5125
178
2935
1878
298
8302
9529
8496
5310
6194
3977
2800
9076
9132
5635
8226
9818
1452
3854
2506
4479
4006
7700
147
6012
8827
326
2980
8392
3655
7779
4563
2215
4198
4344
956
7147
8613
3558
2042
2068
6188
2789
2527
1751
6985
2391
8348
1751
2021
2481
5230
9219
5733
5694
5893
4317
4776
728
8130
6178
41
4327
9998
2218
7328
2930
2374
1529
8646
5837
5670
4560
312
731
9715
306
8833
7220
2224
2224
3671
7273
6142
7053
2388
1575
5025
7992
5801
3085
3502
1289
2804
7232
8211
5157
9819
8699
3865
49
7301
1955
5539
6972
6381
6750
516
8129
7054
7465
9898
109
8164
3828
7412
3007
7097
4493
6706
3606
6917
5403
8454
5996
6889
5091
2818
3240
2827
9278
9878
9775
5965
7117
9042
7275
6550
756
6850
9947
6251
5790
8845
349
2017
8653
9418
6119
2203
3064
1855
52
3567
3697
9552
1721
1513
7922
2339
1336
9106
7733
7763
6489
6563
148
530
3675
9753
6455
4401
9199
5663
152
106
4998
3594
6386
9433
5826
6582
2565
6492
6089
6105
9394
2496
8444
1159
3090
969
8361
8616
3537
2175
1801
2855
5525
6493
9289
5931
6262
7083
1789
1657
2098
5014
3574
7887
7756
344
2588
4555
8460
3515
3922
4697
22
5390
5271
8066
868
2826
1407
3740
8958
3412
5607
9520
8804
9532
468
4483
3725
457
2204
9280
5690
7919
4238
5600
9055
4964
171
6913
4626
3759
3982
2377
284
4382
1677
2285
4605
2437
6184
4216
2248
7011
4391
4494
1689
3046
5600
450
953
8917
3428
5345
914
1911
5105
6278
3277
9201
4444
5398
4842
3727
3988
1520
90
5113
5164
498
9079
3140
5184
6733
8096
3475
4175
9244
5939
3589
2236
3527
5214
3342
2679
1275
6767
9844
8549
8365
9555
7768
534
1734
5272
7287
9832
4857
9148
7103
8681
1215
9479
7135
8023
8494
8712
6076
7491
1606
9626
6700
5517
9286
4645
7662
376
3256
6594
7398
6906
9737
7491
8505
1518
3423
4072
1177
2709
9443
2360
2022
2739
2605
3903
1695
4461
6686
5562
5068
3716
8785
3067
4982
3298
2945
459
5683
1829
3252
498
1798
649
9180
8200
4161
2251
6680
746
450
8521
7234
9850
1801
1891
9892
2872
7044
1007
8047
1107
7040
4537
5683
897
3971
7845
175
8457
5464
5735
9430
6473
1265
7460
6110
6587
4762
8665
3879
4188
4304
1041
7833
9943
5155
3716
5683
9816
759
644
1322
3071
1410
4654
1164
5387
514
1165
1673
1384
134
9110
2880
3420
2417
5340
7238
8135
8103
2225
8000
3196
4966
364
3517
1101
7949
1708
7921
6025
76
8132
4047
1932
4809
4886
3072
2785
7331
4215
3028
4104
9370
2412
793
983
9170
6702
871
3453
332
8135
7931
1553
7516
5636
307
420
6328
227
827
5173
1230
239
3372
6750
7550
2127
3634
2733
9056
5612
9102
5765
6152
682
2463
8800
957
2677
9540
9201
5798
283
2751
4721
1015
7166
6172
4535
6399
1446
7696
5336
3867
772
8297
6301
3903
2128
49
5738
6735
5054
254
6946
8624
9802
1636
8457
1079
2514
9457
2810
5932
3724
8941
4464
4295
6253
9240
5600
579
5227
8411
1460
1370
2376
8621
3998
1967
5683
9151
8494
5745
9129
9697
2500
9252
5486
6560
2981
3971
4670
5765
4034
9647
8842
1999
239
8784
6092
8341
8086
7310
7830
7756
3366
9214
355
506
3122
1749
2205
1198
445
8564
7656
7808
7004
8827
2737
6166
6888
7001
1816
3509
4820
7498
8596
5782
5017
119
9372
7006
4765
8954
4937
4046
4615
1837
8811
2648
8427
4395
2940
8245
98
4242
7567
7266
2625
7405
8153
5340
8997
1387
9055
8677
9804
9031
8258
5288
9456
7841
7844
1993
3306
9620
5044
3414
4455
8772
5655
7291
3633
5170
7878
6676
4778
9740
1003
3307
4835
4348
9301
6614
8094
6734
2492
6204
8521
4854
6470
3232
6649
734
842
171
9074
3394
4368
4065
9930
9609
5201
9966
6127
7487
3033
4160
6327
3196
7886
6171
4404
8101
4071
6321
5015
732
6924
3730
8699
6732
7004
4564
3723
1369
7931
4209
5172
3547
8427
6539
6735
7533
4764
992
947
1057
7120
7125
5543
2219
4395
3987
2936
3603
920
8416
2412
2864
5912
8419
5436
4499
1987
3720
1721
6744
2087
6909
8783
6936
305
6409
335
9145
4210
1180
316
8689
1200
2992
8756
2522
7670
3163
7355
1758
1623
6784
3757
5596
462
7623
9888
3555
3936
9455
2047
3910
9348
5370
6965
658
1323
7214
5963
4240
7436
9521
241
6485
9497
2568
7719
463
1663
727
7609
5652
8181
1428
304
8631
3112
7399
3728
979
6509
1907
6391
8360
5541
6294
9977
9669
3892
787
3076
5443
3928
2939
6303
8788
23
4019
810
8904
2393
2777
9646
3106
7216
9833
78
1300
2208
1291
6556
7443
976
8114
6816
3245
142
2163
8120
2923
1760
1016
3140
5152
1913
6800
7171
4715
8798
2522
9007
6898
6546
9053
9628
8154
4069
1168
7127
7841
7705
4
357
6924
2485
5663
5369
4876
5576
6778
4372
8880
7472
1624
7577
5203
4757
4449
1645
6038
1806
2756
1174
1617
2819
2418
5093
5523
4867
2821
5551
5175
6260
7253
4552
4984
2622
9818
8189
3479
7437
9186
7604
8930
4381
4043
3351
1995
2127
691
2227
3646
7760
9017
1842
6436
745
9058
5134
6681
6897
1518
2720
1657
1162
3376
9897
1419
4248
760
7284
4316
7810
7138
585
2268
4029
9117
6821
6035
1083
9094
4646
6937
3952
7642
5526
2628
6402
1185
2198
2106
148
4756
6611
1211
632
796
3641
6962
8843
3014
6385
5801
496
869
7347
7514
5400
1856
7445
1998
4770
9522
5648
417
6684
4196
6295
2971
523
2807
4984
365
5950
5330
2504
871
5869
4454
5525
5649
5647
7652
2535
6501
5950
8677
3392
5064
1180
8493
6371
2967
696
3002
1095
8560
7620
332
3917
2205
413
3313
3433
6882
6454
9879
3591
7443
7778
8183
9580
2066
4295
515
3984
5029
2651
2371
1055
7351
903
8025
7494
3044
7935
5675
6011
3488
5970
5140
1988
8276
6841
1747
2843
1092
9132
4958
6479
4893
3711
1498
6677
6885
767
6143
7253
4782
6243
4899
1833
7914
6064
1181
8412
7178
6814
8710
5873
2661
9698
3303
9157
2185
1089
3449
1549
5030
3813
4526
7868
2771
8823
225
6595
7228
9162
3506
576
4009
9940
6608
5431
8446
6170
9835
8479
4274
8540
3664
4515
3833
6757
7122
4426
762
9652
6496
6569
722
6775
2462
9976
3219
8666
4111
6844
4247
5145
7813
6169
5919
8978
5106
824
3086
7812
7357
5739
4117
2707
2704
3142
6078
1207
6062
6442
9813
3102
2482
6124
6102
6673
5449
5736
9360
3091
8073
5727
5779
9492
7715
5509
7933
8843
1283
7690
4757
8100
4041
5715
8343
5915
6084
9768
3813
6020
8442
9319
2784
4611
2812
1423
6248
6291
740
4072
5825
5929
1054
1675
7439
4975
1099
7328
3050
1359
9643
8404
6951
9237
171
8816
1160
4035
5127
746
9837
77
4627
8182
1384
3819
8483
2027
788
3977
6489
4025
9300
264
2020
3404
7139
7283
95
7528
8836
4378
9349
5464
7179
3311
8573
248
2522
6180
3332
5624
7382
7957
5169
6995
235
5519
3782
3760
488
209
5614
8663
9750
835
2743
5702
564
8117
7362
4434
3932
3868
8787
9026
9302
2267
1234
3020
1679
923
1797
556
1911
6561
2337
2787
6299
1794
1097
4448
9870
1721
7156
4392
9616
9269
6268
1948
9618
9283
9692
4034
3636
342
656
1008
2274
7825
4041
1706
4038
1288
7871
3969
7173
1812
3650
8599
6707
5644
8924
2150
9213
7228
8697
2486
7082
5057
3063
8848
8106
9926
9135
8408
7839
242
8506
2942
7262
6637
4953
7663
9346
8207
6995
7332
8618
8545
4429
6054
6094
5447
2298
3618
2385
6586
1844
7869
9575
8885
7161
4302
3923
1066
7191
7708
1227
8252
5169
7235
3629
3344
3316
9780
6518
2535
3152
9893
5843
4990
4181
6736
867
9487
7140
8632
9770
8399
8520
5177
1853
8474
4287
1195
6771
4967
9810
1681
3038
1939
3531
2105
1838
7922
4576
9143
1911
4550
1488
524
8120
1315
3268
8501
1360
6014
2732
6267
6447
1259
3931
781
1741
3959
5444
2932
8110
773
3520
4653
6439
188
8118
947
4170
1818
6453
7497
2884
3955
3438
9335
2079
1635
9207
3680
6839
2139
8238
7245
7840
5786
98
8093
9617
5115
6574
7006
9407
9625
3339
6253
8486
8924
3136
9820
3244
5422
1855
2386
8455
8211
6002
5578
311
8164
6675
3094
5567
7913
1044
4763
2995
7136
1982
5857
8242
4680
5555
4273
6511
9174
2249
9016
1592
4138
4097
7747
2843
385
3492
8641
6932
4528
5877
3598
566
9503
1887
1014
6296
7852
9801
6180
8593
9657
7839
8805
767
1921
7120
6128
922
5957
5118
4996
5395
8881
4674
1058
3342
7248
520
8675
5824
2252
9127
2241
7814
1267
993
4822
9273
8849
2126
3137
9126
9
6141
8761
9873
6388
6625
2325
6227
1147
3708
4856
8365
1857
83
4870
3825
2467
9703
5713
5467
1928
3379
8281
5902
8984
7405
3600
7912
4189
2920
172
8057
1027
256
3913
4987
5702
236
1829
3176
4306
1372
7105
8025
5696
1089
2103
2135
7889
9879
914
3119
4337
5059
3914
7027
9914
166
7294
7328
5822
3503
3422
5740
6799
3869
3715
1284
3425
8038
4251
4882
581
7401
2251
7118
3184
8178
9049
9560
6189
9275
8444
8293
2016
5396
6075
655
5704
1013
1889
2643
3768
982
5341
1534
7116
6955
2082
9845
2119
783
1531
2571
5761
9897
2376
1117
9172
3587
6633
4619
3379
8812
6582
5934
6333
8886
2049
5463
7046
8135
4876
2672
5820
9517
5409
7148
4868
3460
5716
4444
9623
4620
1860
9827
4387
3179
3122
2252
2815
5434
983
3380
8180
2800
9262
5012
2946
8122
8502
7387
3941
8448
6985
4222
5378
1200
9795
2006
1123
9626
2861
3750
1967
7827
3649
4882
4983
9566
4468
2760
7061
9649
36
5768
8828
846
8398
8578
4247
873
487
9082
4925
6039
8406
3049
7258
3240
3485
2817
2994
5312
3308
6107
8627
5651
3053
2674
3319
8565
6356
4454
3478
4175
820
4090
8477
4789
5204
64
8258
9293
8693
2529
5596
8030
2754
213
390
8722
9712
6350
6989
9187
6954
7819
9268
8620
8990
1232
4618
8233
2374
8788
5787
1814
1147
7786
6180
2244
8038
6558
8942
5935
6828
1300
8853
3774
5500
8653
4090
6080
4339
8010
3228
3759
3428
2419
834
2918
3918
7182
1900
2284
2270
8763
7783
256
483
1897
6825
6560
4925
7891
9785
6328
2905
6022
447
1835
3647
4695
2353
9262
5756
3819
6759
9319
5512
6892
2812
7803
2916
214
1999
6468
28
9824
9482
2988
9016
2337
8257
370
685
4002
9231
9056
2717
767
454
291
9792
9037
8105
7280
5941
5879
7464
4623
8987
700
1999
8213
3503
4524
6434
348
5398
752
9230
7618
4585
6248
79
4374
8445
6191
5861
3113
5912
7635
6487
6447
9553
3725
9454
4355
2176
4582
30
259
1883
7868
1653
5457
3391
8380
8661
4208
3892
2464
5266
1703
1909
2166
3256
318
8219
8228
2933
4258
1739
6929
6384
4400
4765
3914
7580
4506
6339
837
2958
8851
569
37
5670
7518
2201
869
3756
6390
1816
1294
8196
4645
5667
13
1638
7702
5567
3142
7956
3842
3731
3798
4578
6645
5799
7321
779
6646
7427
9514
1368
9537
8129
8506
402
3544
3201
1757
4869
4658
1585
3550
2238
8913
1598
8619
7617
3250
527
3975
955
2095
3170
8415
1745
9533
2275
4492
4281
5236
5558
6071
1865
4493
9574
383
7896
1711
5476
9032
2761
8280
659
9272
4312
4310
7938
6498
5449
6780
802
2768
4234
45
5130
4949
2916
3294
3782
3716
6873
8572
9570
2574
9698
2330
2424
8161
8605
7767
4406
8249
307
3108
3450
1697
5655
2729
7225
2358
4389
4838
3293
5365
5941
192
9177
9392
1083
8066
4243
221
928
7460
2356
922
3009
6136
83
5200
7022
3534
1561
8617
6622
9854
7904
8340
7718
2516
5550
6505
1198
4642
3375
8298
1907
9807
2405
9005
8930
2786
2102
5366
6405
715
3041
7209
1893
9344
1899
3134
6834
4342
307
2984
1759
3372
8200
3995
1881
9801
6062
900
4723
5920
8689
8592
7344
5323
6027
9441
2572
9396
5904
4716
120
933
3454
4666
1998
4809
4960
7501
1706
7248
1429
2003
3747
7183
4164
1967
3906
7050
1469
1870
8250
5733
6464
4295
2855
6546
49
9072
1801
8134
5517
7995
4558
79
5207
1438
1409
6549
878
4495
4702
6385
5600
976
9787
994
817
2952
2775
1885
9166
9928
2189
830
917
7366
9977
689
1188
1716
146
9990
3135
9194
3529
1236
9652
2589
3023
1868
3078
7666
4499
493
8694
9283
5145
160
8326
5801
8549
5081
5895
2602
2140
9078
2289
4405
2554
4312
6424
5624
6042
755
7131
9282
9830
3337
6084
8189
6400
3720
3683
3838
73
5680
9886
657
6597
5474
5692
5176
6498
9676
9133
5770
6724
6791
6272
5090
3925
8657
9509
9370
6275
3099
690
1708
6310
6555
8477
9388
3671
4845
7066
9560
4550
6944
4674
4327
4657
8837
1561
4186
1827
803
4289
5237
5560
9302
7226
8299
6601
2619
7772
7094
5208
2063
3445
352
3097
1356
7670
6694
9591
5107
1491
3911
1195
7851
1294
7829
8774
5804
796
1614
1782
2052
2541
1838
1619
6990
233
6147
9464
7754
4948
6020
1366
3946
2929
159
4392
2374
4442
4874
3766
5273
1687
6496
9223
2610
828
8911
6793
7135
6955
5264
1209
2701
4980
3808
8898
4605
3933
7891
9583
3469
8871
1139
1439
3882
5668
6179
808
1638
501
7559
4716
7449
2354
3384
2159
3213
7589
2895
7969
2014
1261
7789
3057
7529
1564
3662
1537
8095
7178
508
1705
5770
3122
5571
9971
6081
362
498
9352
4719
6676
8151
8384
6244
5785
8444
3500
5795
8263
6556
7076
7520
6401
6550
2676
2934
8290
1615
7050
9956
1616
6288
5278
2641
5399
4876
2780
3877
4371
3057
7409
5652
5456
4520
3436
8368
6968
1314
9434
9063
1893
6026
3506
736
3161
1959
7230
496
1782
8836
1687
8107
2976
4110
2104
7660
9709
3543
6444
8029
1696
1440
1405
97
141
6490
3205
1267
8375
1766
7306
7906
6982
2016
7368
6884
2104
5823
4602
1487
4242
4651
512
3091
3960
4124
6336
6407
4154
9137
8063
6633
6266
7295
288
7130
6419
8494
6194
156
1461
284
3
3829
9914
6228
7672
9518
9473
6700
5887
9415
6685
5137
875
6284
5391
9194
1428
6792
3930
5208
4478
9845
3694
674
9875
6078
5053
8041
9036
1544
5754
6485
8839
2618
9363
4660
3186
7587
5937
8427
4780
8477
2836
4545
3054
7632
4989
2154
4162
3940
2836
7282
4408
4219
2001
2485
1127
864
4311
3072
2795
5825
7082
3370
8951
4449
906
6967
3027
8391
7535
274
7658
1488
8643
1396
2250
3870
2443
4951
1102
2920
5765
5050
2730
6385
2549
299
7372
4383
5975
7934
7581
76
1353
8186
6783
8446
6313
5959
696
8161
493
9374
2653
173
2629
9634
7590
3951
4408
96
7963
5639
1714
7593
3140
7407
9422
9565
9750
9720
9970
4911
1453
3964
6158
1484
2962
7470
9624
9115
3761
3568
6852
7116
6987
641
3463
6138
6060
2322
6501
7240
3591
2925
5754
5251
3619
8530
8835
2012
6454
7064
2265
3078
3890
1279
5090
6753
8552
8631
1804
2563
129
9417
8944
8671
8713
5685
7490
4270
8987
9023
3070
8384
564
2788
2456
8584
1990
6723
2765
9050
5201
3562
5823
3795
7991
722
8532
9254
195
5640
6491
4227
2788
6698
4063
5932
5859
4558
3292
1336
6154
9948
9875
9145
1342
6669
7453
7233
5802
139
5242
5605
4780
6096
9681
6869
2696
2525
4776
2974
8730
7354
4445
1481
5977
8772
3510
3370
39
8963
8847
6465
2447
8810
5130
5212
5807
2296
7504
2582
1040
6202
9914
6321
230
7181
4699
6357
7767
5379
7400
4072
9355
9792
9939
6027
1574
1799
7780
6711
7461
756
7276
6044
751
4080
1069
668
4806
2183
7898
2772
8118
515
7787
8613
1888
9294
1297
5839
1655
1927
3677
2624
6586
711
870
7995
619
2265
2396
8576
3481
3454
1248
5212
6208
3712
6806
3822
5614
2358
3778
6629
5248
1886
6267
1133
7058
7333
1326
8915
3292
174
8972
9148
5776
4512
3458
4577
3880
9415
8657
5941
6804
3795
6264
4332
2612
9393
4520
9861
689
123
3680
9000
7350
8895
9081
1196
6380
7675
485
5315
3497
7037
7164
2435
9027
8034
3914
9936
3870
6207
845
7622
9494
83
8386
8910
3100
3180
4379
7588
5631
6793
7888
7844
8816
1588
9019
3939
4547
4343
1321
3729
3002
3081
7096
3347
9733
3634
1664
2598
2836
6416
5266
2773
1188
1822
690
9612
4002
5919
7748
8157
2766
4760
204
9496
5613
3602
3169
9217
4416
1196
8909
4623
9903
5797
6480
8405
8437
5726
4510
4196
4927
4773
392
193
1920
1004
2607
6714
6930
1562
823
490
8771
5664
6898
589
7848
5271
2755
5390
4250
5289
676
7445
5340
3556
1096
6587
4165
905
2542
3148
9823
7328
8383
8607
3329
5493
1316
2935
7937
5047
7351
2758
9538
3886
5309
5514
7809
8276
8822
708
3990
3437
3803
1696
4006
5455
8131
2959
8492
989
1729
9624
1980
3309
5444
8784
479
3336
1846
3900
9289
8736
9485
6802
2865
7760
6019
6589
7759
7305
2165
1454
4735
498
5497
6732
5039
9711
1504
946
3571
7074
5945
3703
4483
656
6890
3575
402
9034
5479
5709
4234
7450
4488
1628
3165
4624
4383
4440
1245
2694
9196
1086
6683
1278
3700
6714
9692
5947
6040
2893
1595
6051
1331
4982
3586
2806
6638
9583
5490
3086
9032
7563
3822
5118
8422
4289
1853
2425
7542
2967
918
4965
7787
8836
2402
9514
7424
9586
9969
1287
4952
915
6640
2035
7673
5566
9021
9188
7481
2080
9525
8724
1208
163
4771
6516
6637
1931
5290
785
6123
8840
535
3963
8989
3260
2182
6803
1392
6872
5044
6839
3712
4200
218
1145
9803
1352
6176
167
7320
2318
3514
1150
6522
9845
360
7670
410
8010
5867
2127
8847
3210
949
6406
5263
961
2575
6818
4589
5249
5980
3131
2652
8139
9793
7428
7974
3489
3235
5984
6631
8162
4454
4430
2761
7830
4638
3360
5809
9691
2157
9097
3337
8266
1915
788
4677
6276
6957
7633
5027
3172
1695
8194
2293
7741
2222
8042
2946
6998
4803
9
5487
2839
4577
2410
2787
3115
9298
6498
5695
4979
2603
348
1548
6298
888
4620
3598
7461
146
7472
5837
4849
6631
7137
4360
7785
4276
2177
7969
9246
7376
3240
4915
1259
9523
1225
1966
7754
5400
4051
8187
273
1230
102
3826
8158
4982
8565
3271
5101
8380
776
9917
5287
5476
6092
7617
2335
2488
3129
6802
2744
8718
2437
2872
7708
5750
6281
8472
4686
7894
7225
8100
6703
827
7602
6720
1989
3597
9248
2639
7272
38
4898
9502
7928
6534
1436
2601
6672
1602
1215
1405
249
4343
8863
5495
6085
9550
3642
4726
8363
1057
7809
3931
5972
9650
3195
3350
7838
2262
969
9672
1259
9157
9644
2793
1728
72
7064
5925
7000
6136
2706
9670
6105
6820
9591
2900
4948
9440
6081
7310
7302
8826
9709
1583
2746
8506
789
7449
5508
1311
1680
3330
1592
2948
199
8710
8555
3076
8638
4974
2049
9983
4598
7665
313
9003
6667
1192
2218
5973
2045
4949
31
3411
3859
1457
5339
3717
4973
9283
6167
574
8737
2339
1833
8203
7339
2488
719
6188
6156
1865
6926
5672
2334
426
9000
1910
7089
153
5051
1319
6716
3577
4971
5920
5735
190
7334
4712
4187
1079
7402
4387
6001
2508
332
6089
665
4751
9180
9415
2569
9178
3569
3227
9624
6424
3521
1403
5806
4116
1730
1411
9863
8391
79
4443
614
442
3816
8234
6894
7090
9410
4319
4244
3384
852
9569
4855
4388
266
9882
2368
2066
7561
8541
8793
733
413
5055
6371
3032
8441
3470
6894
3521
9074
7228
6219
8252
3160
6600
9194
7110
4202
4405
7516
8387
4624
2787
4626
1598
5153
923
7183
1847
7816
356
3585
7384
7370
8385
24
9683
3231
7944
6175
9878
8474
8399
3767
9435
752
163
5686
4091
219
2311
6434
8825
919
1485
289
3794
7543
3690
8603
3800
720
2300
4420
4230
8600
876
7091
8298
8578
5757
6926
3046
4042
2702
2925
9233
3005
7860
8958
359
5676
7960
6539
9174
9283
4756
1742
2648
3624
7168
3379
5356
6214
9643
3796
7856
7892
5767
529
613
3450
9978
1451
7761
6235
722
608
5425
4689
3848
3832
8306
3883
6716
116
9019
6280
7474
5493
2712
9088
2795
2917
1867
2760
6062
7475
801
3573
7909
6255
4014
9553
5531
3318
8480
8167
1087
5261
2043
3470
4174
7545
3827
3131
9585
4862
6812
5535
9052
8329
2528
6500
7695
9088
2041
9804
6280
7516
2676
4161
876
5806
7283
6053
5477
2856
5961
4229
40
7001
896
4438
653
3911
5490
5259
4043
9165
6729
2255
3713
140
6188
9735
9410
5290
9684
8585
2672
6988
723
8755
7243
2918
5192
351
2696
9258
4280
4238
9770
8995
1396
4083
9772
2488
9153
2693
9688
9750
3025
7882
4099
2391
7708
9588
2674
9619
187
5209
731
3965
928
9948
9067
2885
8410
7501
9919
3375
4275
3758
83
6392
4241
160
8215
322
848
5588
9699
5901
4157
8903
7484
5094
872
1757
7889
1415
2293
5283
6491
9108
9536
3651
7188
477
4602
4821
6463
111
8034
1811
2865
2025
94
7479
6348
4810
8699
2721
1694
9307
1071
9722
9931
6146
5845
77
8479
5097
723
8192
2724
5609
9080
9202
4407
7014
95
2078
7415
7005
3554
2474
800
688
1613
7535
8246
8367
2370
5914
565
1363
7270
7595
2314
3330
3349
7560
7812
1586
5159
1774
9195
5876
5196
7873
8843
1221
6021
116
9306
7881
1580
747
4672
158
6094
4172
936
4859
7250
360
7911
3777
8544
3607
8649
3206
6897
6351
439
7669
411
1081
8602
4073
1546
2445
3246
2237
2761
1959
6678
4187
1493
2945
3536
7560
9122
1442
5801
7677
2753
9418
5735
6952
5484
9502
9801
8004
9643
9069
7522
7089
8790
9296
744
6860
7727
9009
9032
8929
872
9177
4711
1747
1472
8805
6242
6895
2640
6993
823
7352
4607
9912
7051
3205
5285
7056
207
4183
1514
5549
4632
9733
18
7252
1335
3786
4229
3389
1734
3137
3610
9544
9551
5148
1720
4824
6276
638
7380
6686
3419
4925
3751
8568
5338
5101
5846
7149
5357
229
7651
3892
6397
7917
1791
290
4448
1427
8912
1234
8565
2036
5134
7547
2491
1034
9631
3316
4550
1780
2356
6966
8356
8576
8680
2334
238
3171
1994
8631
1689
1882
85
4484
9681
4785
6015
146
1454
2304
1355
2976
4819
9200
7076
7402
332
7048
7053
7271
5141
7890
173
8749
9534
308
4132
7866
4349
1401
4326
6030
6470
727
582
8887
7955
9810
1534
1567
9909
6422
5508
8200
2454
2531
8569
7137
150
6541
5611
2784
4915
525
7220
2288
7129
7086
126
8436
1104
7756
5961
3946
7471
4939
236
9147
3709
7313
2953
9644
564
4699
250
1878
1757
3409
4208
9396
746
612
155
8674
200
166
1926
807
4489
4099
907
1922
9392
7507
8302
1977
3649
1982
8759
2013
7767
8794
9891
1121
8412
22
7605
4105
8086
2788
8435
8148
5247
2576
9505
5798
8460
2348
1744
1968
3876
2396
1100
96
1950
5276
2681
8895
1925
1835
1896
5054
5354
8109
7268
1395
9226
7239
4899
3280
875
6338
3785
7205
5124
3552
8850
9985
3981
6345
6767
2126
1892
6928
5452
2154
7608
417
9580
5598
239
6422
1682
3828
8327
1189
119
8119
5322
1614
2803
4203
6653
2690
755
4760
4642
6739
4227
4422
509
5934
3680
7468
5412
3877
8001
5736
681
8117
7375
2388
4062
188
132
6174
3391
8935
485
393
506
9702
376
4393
8665
9130
9227
2719
612
9024
4980
5486
5011
2206
5677
6453
4423
6211
6612
5450
7257
3366
3902
8335
8955
4225
9145
9095
8779
2417
977
5948
6296
1360
4323
7600
5302
6490
8485
2305
1619
6024
6215
312
7380
7097
1519
4254
2969
1647
9102
7715
6155
8806
6548
3509
2466
8233
6418
2058
8997
2527
8252
9648
3541
8796
1052
4240
819
6476
3035
9390
1789
7832
4047
173
422
3261
9348
4380
1590
7334
7950
8159
6130
5216
3427
5849
2101
6011
3878
1463
5937
7107
644
5795
8516
6022
2485
2909
7515
6254
5059
8743
6313
1686
5435
4666
4569
9049
669
7260
9550
6377
2231
1728
5658
5520
2148
6542
8611
2478
374
2770
8861
5760
2372
8083
5624
7389
4968
3168
8729
6450
3375
5159
463
4365
341
5174
3475
8986
578
4397
5599
6693
1241
4385
6809
4299
3038
8310
3187
1195
7126
7086
539
5888
6996
9192
4843
4046
3596
3468
6563
2852
3674
7953
2945
2433
2369
5662
9595
7277
1246
30
8902
8890
3733
7889
7222
9277
3528
7084
4613
7869
4324
5433
3751
8451
6696
2290
7594
4747
6311
3560
7025
4821
5982
470
7743
1632
157
2486
2754
420
5174
7993
5697
4607
8248
8013
421
3155
6217
9963
9174
2042
7885
1408
4368
3274
1441
2231
4016
3229
9305
9930
6430
6738
7659
817
3790
3171
1814
6967
3351
1800
5220
7075
4921
9477
6206
6644
1255
7768
7074
6108
9131
2201
6817
2118
2782
4844
2001
9536
5327
4311
6014
6432
4588
9752
1949
451
8200
4004
3951
2250
2926
7820
7580
3850
4620
5506
8226
7570
2312
2034
2754
7506
2211
6276
8572
8561
9252
9558
7720
8883
7220
6757
812
1142
272
2470
9141
3882
7458
2292
1198
3261
8016
9504
386
5355
364
2059
8623
7879
2767
7586
267
203
6250
162
5891
7463
8364
8482
8793
5104
8590
3574
64
54
7514
3740
5701
3273
6825
6678
9967
1355
9688
7116
6793
771
4469
3377
4914
1705
6237
4385
2991
4350
1327
1118
5460
7946
4025
4029
682
6349
959
2672
574
5469
9068
8358
7241
6877
8213
5251
3584
7815
8738
1089
1603
8004
3157
5716
1888
9715
9987
4272
552
1377
257
9519
5999
9716
5227
3503
9674
1056
5324
9592
1218
8015
7639
5798
4724
8530
6202
6170
6738
9377
143
2938
3712
2155
8946
3342
186
1789
1303
8561
1843
3599
560
2900
62
7076
6350
3564
6522
8133
1359
887
5807
1529
4811
9210
3410
1615
7967
5668
773
4123
9816
4721
6865
7161
3662
1564
9724
8129
3908
2484
6491
3388
1666
3280
4964
5633
9757
5350
5157
5962
8664
1566
7212
391
1006
1931
403
7101
5930
9782
3677
1950
8737
6249
4237
6773
5619
694
2906
5490
5220
7145
6634
4962
204
9407
4808
8800
447
460
133
1853
4835
9292
2589
5387
3318
4742
869
9372
6906
7233
7397
6545
5288
3976
9610
278
7877
9791
4625
4581
4474
7760
8496
9785
5788
9188
7904
2444
6637
2680
503
269
2932
1886
7024
9657
6400
7951
4037
1501
5461
7071
5427
8268
8838
9260
3330
8422
7019
6914
809
267
5507
5892
2478
3990
6812
9037
3497
7104
3309
5044
318
2297
3789
2122
8291
488
8169
6157
2340
9666
3182
5035
6665
6410
614
5967
4094
232
2235
2846
4200
5925
9041
9356
4924
2263
891
5382
8834
4992
7224
5541
9606
4112
6219
6511
3660
5899
1038
4800
9692
2478
8716
3298
8730
2621
7914
307
5806
8793
8762
3166
6575
1664
4318
578
9077
6113
3058
3401
1119
6211
4915
4126
240
2027
7532
1009
4067
3642
28
206
748
6140
7617
2258
4296
3246
3270
6538
9826
5493
8334
4555
2288
9636
7519
6890
8455
9670
3396
6610
8689
4948
4315
1144
3932
9391
1829
967
9691
4942
3601
7134
8932
5347
2063
900
5645
5448
8548
1134
7769
5052
425
9846
9377
9682
1898
961
431
7524
7452
3610
2216
2496
8826
6460
2031
605
8530
8059
1052
6284
4426
286
8622
8590
9936
2561
9189
772
6295
9693
3825
8976
3810
5306
8242
7797
4460
7449
8015
9621
6183
6590
4958
971
6748
2233
6603
8086
4115
676
5346
9946
5761
1511
5516
1947
8095
7813
2378
7960
807
8486
3812
2291
7647
8440
3510
7555
2620
9851
7172
9604
6234
9127
1916
520
8881
2013
834
626
1713
379
4833
8323
9520
506
4536
1284
3421
8797
114
3126
7422
1921
8899
582
6577
835
6614
26
8120
5649
6638
9066
1352
6442
3572
4299
9765
7889
8156
1824
7543
5402
9099
6105
7445
6618
4177
1663
1133
5151
2790
7807
8355
1193
2063
2221
8277
9548
3071
6683
8546
5488
4764
7588
3093
6950
9055
1259
6191
5837
3530
506
2673
8627
4429
448
1872
7664
159
2507
4965
8176
1819
2336
9882
3901
9709
8713
6484
7624
5894
4286
8882
2730
417
3697
8207
3089
4724
5127
9059
9874
6272
6015
5245
7932
9756
1050
8517
5333
5075
4059
4597
9094
8287
2507
9612
1740
7932
5134
8928
34
2824
9782
9901
7653
1092
2938
7386
1420
6102
8794
9539
3624
9547
9369
1637
4323
968
216
9295
5650
1401
7879
2101
2750
2781
6986
6331
3938
7516
3057
6741
6878
8272
6292
5626
9537
8748
8301
4605
9457
2202
8794
6025
3944
5038
4656
6339
2431
4153
9930
1917
5569
384
9931
7912
3028
5590
7708
3063
1041
3379
4239
3677
3675
492
669
7730
2309
6714
6280
7374
3819
6027
1565
3973
8538
6850
9229
4520
9893
8963
2099
9733
265
894
3976
799
2702
9414
4701
3599
1636
8670
3136
8070
1385
4396
9518
4184
7166
5206
1293
6946
1708
4975
4745
4008
5223
4826
7996
9992
2161
8071
5838
2081
3788
9224
4246
5973
5510
7305
4694
2158
6980
1945
3499
9671
1172
9899
1999
7247
7492
5467
9527
5692
4658
7401
7626
1982
6761
4893
770
1887
6858
6368
9203
9379
9290
8268
855
4822
8203
7565
5669
9454
7330
1713
3541
1022
8409
6550
6560
1200
3652
2708
3217
8775
3755
2573
121
9367
433
6679
8128
2042
8701
5616
363
1229
1067
9031
2275
6928
1697
747
7702
6921
4422
7243
6772
7065
6814
8478
6152
8723
5932
9563
2257
2098
8207
371
5924
8165
6010
7079
7564
4099
5797
3400
6512
997
5199
6983
1140
6644
2803
9635
9063
9642
7402
914
7311
1874
5887
8802
6365
6567
3550
8201
4742
5050
5882
1665
4370
7991
9333
4461
5534
5906
4379
4490
9211
5087
5465
7786
7738
8812
5932
7854
9582
9280
9719
4228
7590
6689
3143
7979
3689
6357
3265
5766
7627
9986
273
9594
6459
9763
5735
339
5877
6751
7170
6312
2950
1990
9775
5900
6443
4686
5343
2057
135
1916
6550
1100
2520
3446
9370
8181
515
1041
9409
4925
386
2954
3242
3973
9983
586
1941
7380
2379
5083
6209
7442
2614
5283
9350
795
6936
2685
625
6962
3037
1965
7233
8436
7656
9582
5166
8370
9918
5270
2555
8813
4894
8894
4866
8012
5535
6716
625
8725
4713
4431
8192
2290
7732
4363
9502
833
6097
9943
7882
7148
4029
3457
6942
5261
6476
4492
8133
2144
2355
3066
1922
4487
3402
3100
5065
1045
4298
3440
3148
5667
4066
3452
5365
6676
3764
8996
2408
564
8186
8875
1342
9393
5450
9084
5662
3644
438
7545
8783
5905
1024
7620
7392
67
6577
5583
4330
2394
2346
1026
3979
240
7011
3554
315
3909
6345
1529
9233
6929
269
8094
1584
5314
2031
2861
8039
7700
7924
6166
4967
9209
3743
7165
3840
4759
5699
9274
8605
1517
7591
7753
6384
607
1377
3918
49
7238
120
2107
6995
4594
5929
4688
8578
3246
1051
7151
3390
7597
1545
5578
2275
7464
9629
146
3378
995
9483
5672
602
5260
8956
4319
8116
6529
1304
5374
2005
9760
8969
4561
8376
5329
9307
9814
6362
2786
7533
6035
8206
810
3644
961
3743
1835
2585
7391
9406
9462
444
6843
132
7902
771
412
2942
157
8371
6623
8782
5311
4875
5833
6101
4701
6011
8203
3674
1270
1423
791
7843
4187
8285
5127
9979
229
2111
5599
5165
1103
4767
6152
7024
8969
8944
6048
598
9599
1265
3374
7559
7734
6039
6630
3750
8211
620
9468
7796
2395
2416
6571
5465
8323
1196
1969
5288
4547
1192
3036
7084
162
793
4368
2520
8490
3638
9451
9908
8603
2041
4636
3523
6110
4557
7217
6668
3033
3516
5751
6486
8872
3662
836
8845
3706
6489
6268
3304
951
6453
202
6608
7316
1316
5160
1956
8506
9143
6944
6794
4536
6184
2146
6752
6843
6176
3670
2726
2042
6544
2949
7885
1332
4738
6997
4121
8887
8080
2186
3852
258
8269
977
8061
934
7958
5915
7722
9026
2580
747
9076
7684
1378
7683
4900
7807
6798
321
2703
8596
1809
1616
7441
5775
8843
1265
7839
1425
3164
6065
8112
3718
6156
3281
5450
3652
3432
1159
9136
6154
2328
2392
764
5447
449
6950
3672
2036
9370
9271
7181
7948
6274
676
6713
6938
1440
6090
9152
8378
8682
2877
8510
7761
7789
5268
2090
9829
7623
2987
6200
170
425
4603
8626
3078
2130
7060
1376
9876
4783
89
3984
7476
1880
7595
5333
7351
7094
592
1204
3714
6038
913
9406
7511
9091
5686
6018
4282
1314
1742
8497
4234
8924
5835
5129
4828
2297
4951
7071
8208
4215
611
9850
1349
941
5361
9328
8836
7749
5021
2717
7138
3524
2269
8333
7103
3329
2048
9060
9234
2232
7704
2087
4365
8778
4743
2989
9340
6322
7978
1819
9458
100
7273
8884
7368
1001
324
697
3422
2305
7155
7800
431
5441
7380
9996
5530
5196
3929
3479
3055
3303
402
2294
7646
5734
3521
8436
4293
6472
2213
4604
269
2840
3642
3086
2123
5089
6739
8298
3027
3044
9100
2900
9682
5953
388
2443
5537
2521
8451
5406
1604
6672
9479
9848
2517
8702
4222
3691
7433
911
6012
3267
3775
1242
2681
172
9796
498
3359
8490
4518
8253
9999
8651
4871
1984
95
9131
7446
3144
9460
6222
5136
4886
7710
8237
9733
5547
3592
347
4040
2748
9058
2426
5666
9601
7883
2598
7457
2412
3900
6131
1885
9485
2355
4981
5220
9934
4099
320
3108
1862
7784
4447
3611
8065
4209
7045
7749
8602
2823
1015
7912
7897
2413
9191
4053
979
8494
9110
5304
6000
5430
7084
3504
344
6503
4972
614
8649
4342
6657
4307
6852
5145
8080
5929
6384
124
4476
6335
2136
2033
787
8935
5089
6978
6459
1459
5360
4999
8122
7778
306
8946
4136
8319
9957
1194
5243
9795
8832
9097
4368
7345
360
3832
7149
725
7848
5916
6649
663
9973
8027
5091
5273
1917
8176
7121
2176
6440
1296
6829
3904
2018
7942
9611
2953
8602
4549
5702
5911
5601
2813
1153
717
2058
4013
8531
2576
5507
9034
9906
7134
431
8747
7260
4112
87
5501
3760
7830
6155
5043
1918
5086
7449
9262
6029
4160
3087
2618
2487
9761
8959
7353
8362
7101
2065
4576
6358
7645
1914
9423
4475
7756
3545
6978
6555
7897
8190
1963
2040
1740
1753
4518
8746
4918
9288
9259
60
91
797
3140
9202
4564
9467
1768
8612
6017
2120
5464
3303
8232
1364
9632
1108
7935
6435
1803
4512
4546
8662
9876
4247
9061
4391
7040
4070
9000
8792
1792
6080
6368
776
5491
1539
2076
97
8257
7712
5106
9622
5010
1627
1213
8816
6363
1013
6643
1854
3548
1448
3210
660
772
1111
4567
4564
3990
8992
4961
8936
4463
6272
169
3468
8977
518
6399
1987
77
9552
1764
7298
1394
6235
3252
9508
9030
8986
9380
6118
5949
2558
2465
9197
9497
9393
7875
6032
7514
1200
3225
5178
455
6602
1252
3844
5584
3835
7250
9969
8723
5200
5672
7594
4145
7851
1898
9923
2313
8388
7396
5511
5402
2685
7793
9501
781
9024
4343
5793
2157
4046
2158
3612
9635
3427
1084
600
5338
4115
4615
4841
8394
731
1209
6880
5918
3501
7219
450
422
9307
1075
4887
4366
1569
8833
1049
5938
8666
5502
6513
3235
9023
6578
7361
2532
1388
1022
2037
1272
5600
769
307
6294
7145
1569
9562
2328
1994
300
4969
438
2785
1989
8336
9430
5286
6511
6737
8514
