384879
541438
829738
483258
824590
115634
562170
428163
640030
601834
508616
91576
564657
819194
676966
315979
499963
750395
517219
958795
288725
692583
921442
472023
927070
265880
213190
990813
520828
661400
472841
152910
457408
536804
108972
887776
255208
668546
277385
582271
437054
172348
439876
855633
259485
882680
672928
913508
81875
735285
532461
507959
981410
566116
505247
269922
89697
942048
90619
376866
523520
266060
421034
79557
214633
793288
554416
97646
424897
670800
103286
254086
651981
876913
136195
683712
233522
479463
602505
585606
853269
47192
40988
562693
799713
949415
988542
315922
919974
753911
536021
481655
261470
488508
29437
716830
389836
44543
33018
284825
344382
423278
474566
800268
652721
395677
853257
56824
984147
669725
178983
736868
570531
367543
36211
562858
596852
729222
819713
763483
29329
552110
687896
270096
353851
527612
832070
493774
579726
891356
404494
176341
956994
505137
343869
192901
467532
687445
84955
378606
760996
221933
784252
181618
260450
765351
696566
759513
606402
140307
54765
528817
185862
301723
102409
771808
455419
295777
136073
894856
34195
537971
985457
158805
209841
105517
170719
583910
24132
835564
241596
816021
804426
519914
370829
280357
888438
135035
161193
818055
373421
504803
830341
676233
940522
849105
91691
767260
281793
920380
174602
698752
671168
43289
170214
590158
378481
896822
543024
910625
114748
396662
920240
975522
625769
548522
111774
425455
318980
798024
496721
179368
875417
63882
118223
839445
980959
62501
623298
827447
547441
678372
721932
659306
934455
450145
113585
387507
674339
969376
467315
571756
25175
124872
385083
581641
5796
339967
605747
611014
277422
173473
113329
371759
117099
159964
405005
911243
471242
768106
38995
161510
623600
811500
709460
919546
745885
658400
250263
854905
40237
954815
324269
693562
987899
133494
123618
572797
198496
851582
84687
868317
22233
63706
339213
146321
398599
994925
424324
481694
439375
478133
47265
268829
10786
192936
656742
965988
398551
430825
457947
623700
228659
112743
878498
466431
135691
981203
31080
3315
238592
631291
856503
948968
149418
590536
927977
981314
253712
189776
912376
766722
863250
365273
469744
202831
629354
972651
332357
832349
158791
273617
344449
996344
970009
122476
117142
424495
410091
744755
219729
493471
970729
718282
750383
775515
41987
713598
273482
762805
381738
18459
448684
95916
222648
676330
97861
900914
859244
590539
66295
843544
64018
449706
276685
788312
103489
321697
110028
89982
872254
401770
907362
969397
731455
716927
84539
74346
418889
334161
557619
645023
765690
861345
672997
112718
102499
777789
15970
544311
914125
604762
422974
543688
43741
801291
631748
638889
248914
166556
567817
266273
517738
781773
61470
918312
203813
367534
996319
808777
45345
177172
89192
956147
784100
816501
234600
631966
105592
189605
1997
435029
964721
535022
780511
648035
818186
221509
593641
852766
277614
105967
487121
310155
526354
310960
475465
482668
408383
159531
967710
957933
124397
997147
510318
603943
189067
661484
117751
856974
940444
250935
263754
386366
145595
70105
597661
858781
538367
582511
335616
612396
4153
808175
624424
216304
950554
808870
665959
487863
932338
827018
327677
350537
751763
725819
324744
755757
332628
260315
568726
508692
14833
708678
867227
695910
278416
610480
358078
992232
687390
534682
166414
204807
193496
154353
958866
353924
387942
562435
718461
923323
262241
664734
531648
975313
51894
459975
744634
502009
324770
582612
980747
445219
786269
487015
467846
181187
831507
273287
784004
551609
723213
991196
611157
266338
625455
551751
303954
244539
59610
988
372366
775405
289457
981117
352427
346297
959097
743892
212104
695936
54234
422636
962264
709744
356482
445164
701006
150599
406569
265074
727284
160261
531695
418312
390747
41842
89057
177414
202477
442889
356250
197700
668830
248256
631878
888121
750145
279349
98114
920885
17207
744118
526495
828599
232322
36141
51782
767084
522743
986086
232757
167877
231698
375103
137447
745587
852260
851115
917842
508738
453991
975330
339146
292111
288882
49065
833923
489767
784455
887097
375156
1470
845386
220431
97238
395401
699277
233936
214731
208568
464390
791894
155228
560339
17890
360475
610523
212656
912306
478592
455079
653774
565764
364987
290702
353554
389005
381404
30029
531355
787522
723450
119346
313220
552197
914430
55714
391541
497404
678091
818167
139814
484542
491529
827265
715698
328935
523981
845358
672404
287883
574054
92612
1088
261447
116295
409162
714720
225075
35660
584519
192681
284915
342763
934626
667226
351149
474232
38184
109201
76053
481940
486765
961738
833123
23539
749705
889524
427430
365577
51907
510578
821938
878481
108812
349227
233333
949818
912610
680718
273768
220270
547797
825573
922593
8575
618407
110037
647045
294513
791244
401328
795738
356702
275536
252343
316538
50890
579352
847855
355107
935812
406464
858270
612780
173493
727332
159522
886930
914696
672698
224623
11505
973686
605277
737315
76366
202540
823397
388424
896913
835484
896049
892837
93136
834013
823174
672385
91270
220096
186577
468725
860322
990960
709000
486253
623740
957829
909551
353915
459938
767717
512375
993111
321681
833495
391680
983799
16511
864678
753471
417863
534677
637934
195259
509638
120315
364358
778674
797309
54795
483017
596376
67740
104423
44739
36671
90290
809254
331061
916882
203400
551785
230021
974843
913051
43084
53574
814437
175861
107704
917471
537307
45607
21526
965466
213583
518245
985566
425675
53751
675774
601421
870299
194962
280694
986933
960304
338441
578433
524974
538939
541360
859614
576618
928669
429483
526414
630247
111094
160685
877105
178557
488588
766876
104891
796503
397525
797393
530391
468478
573282
995707
150936
426385
392872
172643
153880
831377
242603
287498
814703
3353
922184
40686
395282
45098
379360
681707
475205
889572
245213
762431
916798
959186
482850
197350
509016
967260
213139
296996
985520
754847
401854
287969
137248
858394
427812
846702
856854
108159
256552
231398
495568
695018
879763
519535
422390
384109
39554
566944
714707
409161
801965
27069
777905
557562
852820
382941
87505
966442
209095
935276
532868
743941
546834
189325
463785
658668
199556
671511
53828
99843
407195
145281
319287
544805
719246
688280
415455
3511
886391
950444
745933
613466
545434
797131
514655
134714
571478
833893
265915
268355
276135
104527
891431
375604
434389
148003
287560
348427
647356
743108
930229
21728
114873
617407
771704
329806
103406
231500
481697
933516
163123
194869
288966
831769
873241
304334
228890
102358
16092
364130
233000
169389
893220
496814
223981
431599
685240
689030
106064
421116
617024
311126
812479
84827
203317
805060
401127
637738
834855
70256
770895
192751
584938
66397
877394
122316
965598
452841
428791
872209
890650
992760
820719
210476
896181
678895
923562
487611
783408
643740
627222
762946
209987
366963
24693
112248
148162
520884
480729
685308
335020
685096
430271
210597
164241
141321
795526
142967
289629
918849
560842
774897
141252
617995
420641
499779
229836
402550
815922
757724
431538
299720
16557
860066
71098
821055
273194
548923
254742
577011
839906
162440
748594
816471
780804
529266
593434
69406
583861
712092
553609
939130
5927
563256
926415
695871
96853
775541
360030
810406
421592
24150
974897
114926
354601
148638
317400
625566
300660
475688
147237
488549
468693
367443
389485
258593
842353
76506
279867
886782
887347
866945
114583
170615
85154
954411
514926
175032
669852
369161
185502
57060
117554
172013
708192
130226
922463
766012
889299
2546
133477
984002
219809
402158
291142
15200
426704
63403
694684
103584
742055
701967
192021
194025
705082
337052
46159
337998
722261
887258
611404
875712
289537
727572
744082
96804
218357
364344
828450
379391
91741
781026
402514
267598
399103
704114
875273
107379
166480
739865
219991
792009
305234
947763
617007
173272
613224
430351
706306
941412
889016
390282
426744
208352
429819
638552
692941
249600
995684
260068
364742
931948
426986
94288
486031
329488
770612
500629
566707
737296
156064
510542
583223
492825
707248
875472
529491
212499
345426
215345
494606
292018
299787
70122
651509
458284
498879
469335
473463
267525
244447
825435
286880
982790
846319
349600
595184
20364
228979
326716
173336
793276
498229
850927
642960
667348
905654
745801
567896
244701
29935
740200
19721
103676
176770
212063
983190
524136
271810
292083
210917
914935
347420
211711
208836
448017
31712
558135
165321
757765
828656
629193
171787
80314
405699
282271
100086
460477
246102
327489
233295
15610
499185
666584
232901
780358
146514
978317
609072
63257
526456
415632
590057
822425
529869
502709
535365
935633
776304
290168
320686
347712
125791
961889
850464
471054
417214
447171
126077
328282
479110
831006
241870
966830
433101
187236
567959
89364
634221
190809
21526
794178
499924
128275
312727
20208
275560
940897
444535
448843
878485
735752
448691
781441
351284
20393
908972
376957
369881
242430
630969
559789
589049
378883
445609
678398
279350
632497
610772
869865
443785
86053
480732
604647
684875
786976
935237
236608
360480
848487
407534
748609
520320
129035
560172
422028
26019
323587
190338
732425
647625
881845
43646
656827
340707
878420
546738
37741
783585
278690
229454
812939
199961
424215
193687
880012
27537
191066
736134
925517
89513
50732
373119
568250
774056
441572
144748
715173
341857
381908
189750
364537
120513
565323
797216
124423
350648
332916
347712
767
682178
231004
881242
891388
812753
439441
977114
251638
916441
498597
545518
673435
798007
961490
744062
938231
560255
890231
746761
420687
82913
799809
310557
875726
713014
463461
294002
733719
228973
653385
409380
399481
553997
89986
281932
344704
967462
340600
571258
114728
23832
230950
441232
302765
458175
556542
730814
428414
701306
263146
650773
590159
796246
995756
315018
330318
375708
308454
444810
580973
762228
392438
564852
505246
834677
757945
604856
248413
218698
940721
150154
435367
35906
918209
988354
289288
517683
721749
529875
435090
491980
445790
287653
843305
372022
405499
587730
519420
620519
914931
400378
619086
264835
396895
972356
89522
506286
349093
885809
671253
364787
418590
319262
941429
752074
381849
443670
424944
973897
325433
650449
934519
816298
895929
684814
776033
36597
622992
593800
611420
943050
725360
275352
116030
808141
447976
507430
658489
949486
337705
695885
31213
40595
372581
374987
955544
876837
978323
372641
343849
516788
731023
680269
281266
748744
769631
186082
634491
755077
188113
18881
635570
226681
285376
482678
971328
265158
401973
79665
381368
987431
842729
52959
326825
205216
712297
986148
808147
442310
192530
231351
228214
38312
33916
395931
923973
316249
348979
150326
186234
915995
730272
816527
63747
164586
678279
642281
377690
167522
671338
484982
29106
445005
150410
666490
698125
717261
522317
202750
761771
759843
94075
942700
344796
177753
189538
469006
231351
613714
447898
468766
275619
941804
340579
322953
258002
696207
52970
583813
602318
378133
722603
51659
508651
612374
275248
355571
411932
772302
763767
403052
515426
485933
78001
855828
375711
168124
447399
680186
719241
662055
858039
610093
190778
828651
169085
697345
820067
716381
594701
472734
851745
125076
529180
821892
250984
125748
308030
414751
980572
526040
915273
535234
801982
864411
599129
346947
965315
267587
610926
892724
322497
136139
772783
418873
649410
62924
865041
593099
388411
576903
811283
899656
387159
687697
491937
43444
449452
236123
900312
22288
966543
546909
451753
715605
918467
435743
609111
58125
610508
557348
119642
206863
100642
704435
898470
376341
530753
270851
209541
572859
919005
697218
621857
707478
723251
254658
700190
229551
53755
978881
372452
661595
208057
487123
197178
768568
61939
504366
954381
973702
283453
226450
924433
69791
119152
402067
961983
778004
357177
441092
9404
689062
413645
549314
597594
298142
12154
107098
307639
45258
875865
829464
605251
36052
763232
517741
129632
574080
434772
7740
640354
618305
430427
706689
348661
82937
51951
99230
905566
275532
972911
978500
379674
4511
419408
719034
939554
579059
92656
104589
765072
631192
353483
194516
940699
95119
955014
949471
93054
258752
155497
725180
343928
510740
572266
908901
964396
732080
541284
290441
961640
786383
906983
36533
574786
82235
720936
243487
288351
905512
142745
143375
455437
917293
843668
807339
415376
972064
905841
748317
732346
841612
37174
855715
923059
255825
346350
727602
167065
716697
925970
757128
963904
898546
998692
811661
822810
899021
222107
253797
591090
760850
579193
139413
898259
824926
574008
122319
486597
967578
722082
687899
531383
625401
622272
353956
174648
957518
248298
647005
281567
332935
465406
420238
505739
577610
223660
279935
675653
473514
955117
214079
349186
334534
978707
179921
872772
295422
803836
64628
156639
706643
848096
847566
107097
591578
52362
249460
491371
753629
717092
164440
137892
939470
579114
33488
818541
787177
233345
182975
395047
205413
377056
982114
54256
870678
278828
134329
881477
501346
512162
648080
556994
14237
324782
714472
442948
508164
227032
756807
413999
24659
887198
733401
923467
411587
647452
648386
562761
509732
95144
456129
789092
961938
761210
15298
808675
430807
65800
950080
728634
720669
681200
595412
799888
644174
315855
311327
443868
557642
830319
656593
951849
502212
265885
105747
923256
194490
697047
821783
273476
262607
295012
69561
149984
359046
810430
881938
781373
878045
560427
375130
922824
262852
335530
826743
2416
275832
669448
731878
12357
677697
580946
696069
347772
306244
12132
709882
503887
893893
163744
758724
235009
785469
907963
213404
191359
888020
430641
950535
266530
373628
174553
947067
612689
835818
562386
303275
930756
200496
2141
283825
380643
905659
382789
678935
643980
980007
722489
264579
436468
400442
154746
34300
526437
902788
547439
314077
857893
236817
759126
802645
610231
931336
347285
310807
444859
801315
803950
968101
882416
857355
530897
72181
833178
952143
150092
443965
176063
453825
753118
141344
659659
133165
624745
283508
430739
525111
417157
590895
879798
227856
287537
372783
739999
647764
402788
319267
856936
354820
548994
329689
704921
124507
780266
124644
528590
327438
212780
310761
253366
6565
499736
798919
185208
784049
665713
502816
211056
727209
723585
313032
650518
277605
239686
844618
529599
925110
687818
528017
776318
175584
427344
175162
405347
877877
619242
990131
835875
566287
134888
701776
996504
155945
893610
613482
960095
567194
743383
385140
988959
644912
674534
498652
202153
727333
109466
208793
832123
820736
214474
440215
466655
903115
187358
606141
641585
821485
173398
395671
482621
652579
243908
231461
164998
481119
175578
133823
551012
648957
367518
168419
571589
768926
322042
576029
216659
310115
355439
642449
282934
552776
164458
112808
551217
763674
978095
40853
124583
69270
484914
827395
701120
444320
187716
69789
691111
21277
886122
797625
72875
500909
905098
935842
577029
188168
507711
323328
487609
972660
837323
968614
803605
354528
833132
29368
700246
277921
63559
473399
385962
481926
695041
686251
572049
265817
940781
740204
269213
410293
329695
589068
37784
917439
212831
174948
246916
615618
586938
188602
868669
800683
376434
519052
392059
746525
336981
399612
175092
765746
907051
411863
620126
435152
360009
982275
562258
696355
583234
191941
102284
267260
58877
673901
415311
439814
961634
141215
655397
978144
837358
150078
934276
848156
607079
44278
64652
91988
506153
78374
323757
997667
73118
459113
695526
81287
223948
891008
547560
813521
882056
757725
671257
290374
349128
910414
194996
59350
747734
415108
638029
723446
129825
662336
381746
488348
853806
510681
600814
922775
344171
558444
547687
963528
565028
990688
920295
624129
354190
946580
676791
182072
710529
483944
694183
443175
340547
337893
578411
196228
961151
878090
600672
141912
767253
273588
596524
832254
815947
977512
472322
777659
705441
582848
252677
885876
77953
638897
878916
734288
537365
227765
655460
879211
720755
182681
173659
7667
523060
155429
640728
473763
859042
333027
499265
118170
102351
8718
253204
923543
957890
295577
58799
614867
572621
667480
689258
899707
909690
743183
957858
330569
554212
984470
387025
265406
436193
52453
19609
278846
372253
514690
719968
899144
880066
608964
797716
54160
708755
547330
916175
713466
412312
16605
531478
867765
584500
341287
260860
878770
81426
704815
654820
501888
362366
806251
550115
595398
499152
955392
276676
962588
8514
966576
759397
159750
778083
663136
14910
65293
109029
429189
963458
746876
334416
444459
23198
9396
581977
427618
786846
444588
985229
242437
798959
860617
445288
329384
467967
636374
371010
615965
57792
214944
843305
41955
279500
940401
931466
363564
700771
119207
245384
603722
418959
111856
638319
576885
499369
276515
953602
879611
782388
736510
143472
35588
300006
520120
265381
904193
560967
962819
318205
705073
918835
613728
248724
198864
917561
807134
471737
72668
164966
996656
638081
745284
846300
67754
217143
574640
366107
386136
482865
74983
529698
684603
789310
367201
710254
921953
752443
251882
411553
323936
40261
714864
4862
509870
345032
707561
80465
660960
555126
525923
52908
874877
901012
592361
151051
969535
94318
121167
812057
411557
995051
959195
813260
690743
715707
23248
733675
934424
929004
212440
961263
171393
910620
202573
153799
441888
680649
483812
517942
725452
35205
576950
59928
406051
748741
117933
91714
968642
476824
891399
403718
298080
571252
870026
381013
747143
109035
354885
711424
251760
120061
416638
483671
194235
277768
374141
288050
930120
579163
958132
270670
71605
147624
8713
688974
163508
426135
560258
502883
330311
772343
329356
414471
727515
947471
341352
585891
446718
298387
401523
440017
417471
234290
950992
460539
210337
633868
585907
730850
268667
895169
631629
858939
225583
275813
472783
48372
33989
178512
350237
972436
109155
24721
600274
276288
851307
546306
137385
753305
463601
646070
790862
965891
828183
695055
692098
299265
319752
203437
55269
679740
246157
371713
962147
264419
313743
114303
782142
627691
428586
693426
931891
452920
22953
346025
237068
477716
437860
144655
520833
663579
474547
615448
797964
294394
328974
828440
339592
600716
29059
203310
103877
448163
864210
570077
289834
414120
774184
847610
11911
244506
472438
354049
930359
523186
521198
636099
641198
453735
626842
821179
111269
923853
419673
979966
919647
493401
691062
64592
831062
104831
153958
457235
60743
20796
533790
655898
93015
326640
89231
890267
790113
452899
529471
209475
213021
584232
731717
913188
147054
954590
810273
859913
199431
807763
818549
529643
353211
227716
844516
465276
906529
186624
758278
910688
181536
540523
622085
921147
250781
113437
600791
60645
527166
475690
673176
174842
396249
58109
922179
513807
424382
373789
87885
999039
717149
17298
876574
533219
343318
786208
313452
613792
989468
95346
674998
787737
776836
560082
542682
711493
766704
838613
895700
315932
770002
278292
976084
882988
114463
619156
970491
125704
26002
71431
751153
668511
761306
912428
163045
795882
14946
827153
20706
314751
282810
293113
678155
229891
323879
774424
843443
376957
368452
233723
175835
822789
945874
551812
810697
831323
767524
10067
801025
918995
757216
722113
439715
23790
642610
179270
595872
792773
590867
328890
811354
688927
632433
954936
302168
93345
303612
485023
157795
889573
117581
140274
198207
850787
394290
386847
903689
663883
612186
726749
346090
575797
674138
592750
261045
517488
553818
64132
867171
430775
898975
709632
182184
561602
220085
986453
730289
711864
955832
28555
670077
255425
444287
905376
428757
223546
592422
372873
950633
330370
168375
804374
440521
574641
838324
812275
680637
750761
311812
300810
437121
984196
558456
505414
475296
696941
343928
399283
781419
301706
890446
970241
542422
208151
610575
439656
439088
207118
315809
322917
467646
151426
231150
184802
274226
733132
347492
120307
244621
797212
104677
767293
739790
142385
292306
413425
597781
423971
642991
105974
613209
815837
551411
712485
724867
213161
598383
842797
131365
570532
443480
521943
687194
538896
419507
923557
294202
874568
991708
124051
654650
937358
828978
901119
22623
584064
369634
279012
754589
526826
441935
39874
909072
570997
922331
482650
890518
204284
7893
560533
402375
821951
632959
953348
207186
458800
428986
559938
533685
654699
702032
34166
224280
251139
111902
229685
881543
859831
305116
513476
707466
559300
441611
210939
748771
127828
280954
572613
623140
631124
315380
109251
825066
878627
254153
663632
167866
230
951927
457503
685110
126904
788150
876161
524091
104639
145629
142852
527834
186906
73780
873781
79794
390966
78999
602821
93735
525632
580867
571913
246145
787893
141248
979227
998179
748949
127723
137886
181989
464949
621663
111455
240465
500212
674112
599000
990071
691077
402787
813198
685229
68395
164701
222106
605735
275716
232935
620356
406895
868284
882091
336330
453056
903906
975725
491009
331589
648279
522329
748051
341865
203171
173413
524518
55322
21281
168354
371806
400608
720731
680485
973048
120660
824816
150028
229079
523390
21042
115567
600348
338191
617612
474277
917358
579383
450144
718512
346777
917988
323119
472710
630226
463321
133554
727228
615129
78374
598277
650065
163319
506057
746883
796501
159271
936033
466477
27509
344273
879563
745155
927843
68977
544604
368757
983398
259798
94201
952755
323259
585799
69205
31073
323943
798272
792072
623846
124122
14234
341129
581412
273473
345928
657736
771522
359337
363901
10026
59876
78347
422955
396770
251196
380600
193319
124905
653114
171042
343913
314905
760991
805060
849327
677228
376303
210991
72000
626892
375877
31411
90638
596758
252672
88486
425845
720304
807195
641364
767008
586435
140635
113027
38346
415383
440225
234401
619746
188938
386783
298956
95688
341677
871143
672894
467829
337979
349855
600915
307063
274359
252945
35833
750489
382625
472223
211955
19873
820052
784020
911369
744562
561599
12885
68944
384722
201790
439414
384850
735366
557972
895657
55385
708954
149703
835729
855901
374013
914264
127348
803079
439432
985822
78863
473185
432607
150206
1284
431645
507376
376585
961903
484671
958553
500146
898966
159527
513190
527914
89150
483007
414456
952410
808026
661117
317377
999229
630559
570965
387243
730647
587891
189183
733464
709589
444803
343840
492420
236930
79796
279064
125063
35812
106161
683559
369271
702641
328419
793404
27499
453233
825215
872348
893594
539505
818168
537323
561953
872545
639766
36954
192931
240203
623071
766830
975371
792624
873329
284905
749037
487169
98801
567703
409930
984439
266462
998966
649970
616015
187967
914243
145220
959910
854459
871517
877073
772204
702983
22296
377567
326920
500601
810145
856841
774152
167164
397513
255811
46531
637404
889904
871868
747854
593025
432847
863004
871447
188345
711521
138157
230497
814574
437679
251670
339484
209207
144695
254657
169760
78793
264440
838558
890822
680654
384541
387201
861475
952014
466243
828711
246690
805770
888873
864982
431485
681000
902195
314082
889048
909832
681115
640203
884730
782196
814580
335556
785512
62454
32220
337039
520288
705540
164158
674307
810671
980247
864321
478896
115055
81242
261009
428377
995681
459645
225032
103583
19171
956200
222776
89023
878862
56013
661272
739890
991982
215254
240456
335603
352222
503550
419778
932573
181696
818556
8351
778418
308183
571033
966595
691000
589697
296418
124007
695549
470804
332026
959169
370108
114707
407495
529362
812632
15820
704268
651212
574725
658194
861207
638365
401606
119123
607377
51484
359952
131605
975027
506639
2382
351761
992472
96279
806398
321132
997165
894456
676217
117646
742212
619657
246223
373281
561672
72948
14096
680808
947467
321771
534440
868281
140795
673512
648226
172569
251444
963294
302157
533874
542511
134657
812028
742259
397079
234927
239206
238788
18620
188602
265838
195045
312673
478291
315134
79330
335151
725332
949772
165749
60493
609833
943615
400760
441031
57692
208746
793285
971755
778556
79990
439660
218483
9898
359263
327248
557340
934400
460757
874014
162837
938590
791746
782443
817619
526482
72619
533609
9665
370787
163120
345414
979221
223099
117421
310626
318
820014
814275
42602
886713
156587
315953
135894
126531
296638
318491
78715
121385
510015
153261
376653
971195
703131
57305
540533
264863
57148
615676
154827
433473
214104
229278
534513
670248
346067
434200
820427
291044
481938
221968
391134
339684
587037
435936
13828
878180
790576
621973
553993
212099
436639
218515
228966
218034
720675
589654
65111
756552
397893
105299
808731
510067
622885
818557
213384
460234
321767
395619
550664
255933
747643
652342
942388
446062
369992
626665
215819
407576
581621
156081
579855
725933
526036
63340
980476
710719
414250
669342
477862
1428
282591
941462
851758
618076
435263
911855
200608
223294
985642
540146
321900
492814
353438
10201
567999
359004
941855
147310
736766
542886
281921
578514
541855
524205
110930
870874
549347
810916
958950
178004
963188
540549
825215
293991
532951
965823
220121
753240
981645
462602
942480
860457
296204
613274
145071
147356
154261
635889
288854
515093
238386
514063
462855
743581
929550
742341
141133
403331
479280
164200
366473
326045
770901
239008
681114
829292
946922
7904
584488
183389
739
897200
142670
688620
945019
680549
765026
974371
825672
578163
353505
175873
932602
197337
493756
313845
683184
89722
737337
19529
442806
248972
599624
453084
968735
458409
228771
727560
475900
600195
818976
899490
723318
295861
688918
503455
265165
435764
535018
97747
214381
835428
12341
852501
596010
648903
236755
849023
50969
202064
206027
642130
85642
101014
269270
904630
275173
462628
488078
895838
652000
765933
172148
808586
145306
816156
73118
205670
494231
890826
464827
142608
706649
368457
334020
541687
202519
22493
561601
113951
862300
984394
479349
808832
84735
857353
361256
948814
93051
20692
157199
118740
90346
716577
946585
791034
393059
786795
160024
282469
172204
775083
5387
313405
251550
323622
153988
221322
687060
710752
232954
863800
344271
490222
467053
418553
612778
475753
382258
703945
590772
242942
706074
692429
940527
65507
256579
8341
933732
766244
502970
570752
735201
446747
797387
91071
212113
651774
962216
10098
745718
903186
166706
979182
805061
405758
447846
881696
81821
273530
248167
171531
147814
647014
202980
192493
663619
165687
542117
72063
941683
593676
53560
778972
939081
527263
294962
553721
647878
89495
264100
168402
897744
786170
960668
398630
344273
455871
758356
998104
97135
158337
42364
247415
618915
391696
681375
594263
491064
672866
744500
338846
595426
363367
490820
156635
331513
614906
901234
997328
770704
564659
97836
100560
2230
806681
859693
851907
946505
898741
554220
304519
886385
161921
902052
289329
577024
289664
174401
527025
758180
814503
852708
648275
112391
711545
173267
922466
455812
623216
750016
500071
668485
317207
508596
583887
487613
996341
60568
717738
183615
524003
999584
600656
840954
116799
356245
309726
440337
504441
936829
11486
272347
753418
431528
408901
714228
92101
63258
807509
234046
747718
359120
917475
431032
960582
368497
548147
683000
261073
255122
871679
620360
223246
816166
912087
983515
734013
824513
77858
963627
444480
654791
134914
137584
787984
716661
388694
878974
946512
790603
938649
532860
57470
119125
853927
347644
356486
964053
598176
247868
861873
709327
207461
475896
580346
326129
180799
743978
307457
501980
912544
162720
406873
941075
405761
130167
65276
11711
337322
909305
215454
786588
738960
392209
198558
751876
934168
539559
815833
896726
603258
703580
377561
64259
795649
21347
386987
468981
425262
916410
688463
470491
384188
570564
450888
916309
464191
497925
163474
233913
632998
885753
810035
910080
233887
404113
755114
251601
116569
311243
596676
71079
898853
645037
276878
411425
519542
69725
341541
730534
497351
120544
599529
614258
674780
508205
406672
781378
890336
794221
121814
343512
891949
419666
522834
209451
374251
885137
173220
50479
306383
223997
440907
643196
718597
923330
5267
515102
60968
783674
222187
13176
472302
313455
22101
310741
396193
654638
244598
286413
917512
135620
954253
758352
86116
693016
185985
791058
216022
2660
375058
248595
10782
51921
597234
573065
722302
221103
648301
14701
199805
124622
498115
934559
570119
354876
988886
409655
1073
468059
965310
576553
406683
592349
61626
266580
656175
526879
981634
143655
600581
891103
419576
264560
293865
813020
144572
490051
590708
337289
175198
257795
947030
136109
127534
100304
579190
171738
130096
536269
266480
200327
464876
836172
980605
871628
578465
342809
551025
958778
417690
85728
338909
623829
402456
805244
322516
395248
703598
293148
428811
28067
709932
309396
187738
672298
761075
354174
556639
878237
264488
682827
206593
82951
789828
957034
550034
682854
134663
609554
811662
495871
841484
332272
249088
593243
820856
256168
565060
545121
801548
613386
588775
106257
382426
428371
928746
189595
1173
322397
867366
560538
5953
477092
705353
73584
949065
423157
483262
977406
100847
505909
597867
426048
814942
553675
181396
459140
726491
619947
227933
33029
952218
331136
366828
835304
272749
334581
670637
401682
812119
131681
983471
49700
414911
353485
996396
355796
664704
735970
102310
157737
281309
199604
210220
190419
413202
537701
576572
825380
859845
130103
828802
246511
611227
988274
570687
425083
288232
295982
449797
448612
175422
323262
269534
261135
18086
532153
346572
399368
548973
121574
18668
422714
927125
837123
587636
362762
417453
392626
782747
550224
507323
27393
876888
796722
460949
516884
59074
626079
846159
653617
808662
478373
641102
424296
848407
5936
3899
639005
233936
806560
834516
614772
501365
918725
360348
710167
283880
206714
431219
435239
585431
784987
921280
109628
918658
781796
505290
986715
53658
359975
293158
133875
148549
258858
575243
846100
550974
114011
753537
780845
16730
39024
432632
588736
429861
27039
303925
87204
501355
807223
309095
858358
914386
97306
430296
182366
912740
867159
75903
414457
906731
677544
195570
984168
363509
136901
689016
661748
528184
218402
482236
294172
744014
610572
610334
628734
697505
522332
986212
346910
440354
812437
672462
926613
247218
937184
530567
930264
715492
539105
648247
42724
772122
7669
464630
92099
889483
93130
394778
102974
750823
949532
765297
785568
424593
193288
60746
237026
585355
383822
238638
96824
320048
233512
123180
690103
222554
573185
347410
852833
314019
338836
954616
66383
84681
380834
672758
699129
132587
660239
894581
576677
753328
503194
239715
591018
372167
476919
945152
561696
815496
863115
498774
920935
714938
822148
511557
324432
498990
920466
914364
326507
6344
106245
37828
573870
73821
460100
368182
326654
665528
257191
579405
80605
912503
258738
543382
814257
655955
105135
328388
276781
411197
302759
806560
948958
46691
571452
33117
21332
241873
322598
371465
378283
139701
204168
536480
157877
471163
415726
482555
649413
901271
713894
677158
171355
741345
999928
560719
333095
947673
397762
814809
166204
785612
244213
124176
407378
358736
761830
281527
407543
790441
774290
981118
134740
83406
399537
394512
420888
801285
770805
769608
97667
436715
433823
211395
684369
332240
735038
422224
966529
121151
986374
799620
695488
571931
573961
779883
253815
278948
613844
130329
128750
214425
999785
644894
335451
727160
594196
351383
51979
899297
410668
304097
472108
553496
230760
208809
104373
815273
374363
614239
60786
633830
366669
51593
352687
296524
802424
588340
178688
297796
486108
603525
314604
305733
553919
107117
652596
377430
728965
856571
445635
913393
210471
626251
189427
225284
581459
217436
204153
998609
268576
489792
170735
275380
364204
460204
42493
244485
537621
193007
624803
103763
745552
574976
470436
459601
295209
208431
74962
113869
570071
699262
211955
697755
342907
815689
187789
282192
839861
106336
333779
409514
473699
504117
258348
149133
418807
499696
635100
619112
320564
52321
788689
946806
117317
456653
406668
703393
783482
891561
934634
412993
152480
644133
745231
526913
491515
661791
234030
728866
318178
561528
298294
582874
811512
138692
502876
889812
364098
890267
666369
442843
106346
197004
58113
346513
190671
715697
307480
902297
180359
126238
710640
428117
138290
749619
945547
265865
940348
541521
668745
56158
9390
994217
212887
848451
336434
582640
431860
343022
25697
41583
61921
301184
459786
16694
529445
926407
437250
798577
386234
694429
878051
233490
860823
503853
250275
626862
89947
894358
150993
66660
873235
255528
529453
628919
684904
202123
983397
200765
925480
899262
765480
144369
725103
697277
658409
432163
797681
174716
934386
563919
451239
635537
408994
481930
430676
183342
202245
479256
634611
388811
405262
118363
108927
408802
315379
422118
6046
708564
105829
275312
927275
191593
360875
527972
919967
798517
764698
31445
440795
651414
18995
926223
352596
491353
338521
730569
723099
580860
220909
115382
199304
154638
647816
200186
307587
431603
461268
709882
834926
569668
227335
854476
446450
513235
444670
182350
165285
473675
769202
107922
842133
219830
679257
622711
561396
288601
987419
245523
196063
828922
901039
29964
737548
38210
943506
949510
619536
777661
293860
202358
660875
240765
748895
521813
364657
631519
534580
546033
890869
911397
637508
727709
92692
757250
393207
707401
277179
62709
817405
79596
68373
661837
913759
687133
85301
569098
487489
712706
298205
460324
651446
190879
954345
565413
255296
854160
534363
321777
335907
40274
55876
209062
362660
568187
649675
857374
123363
586570
733149
266065
417554
625753
858993
302680
302865
322671
695350
880076
295464
180594
506204
2253
418656
69241
516796
23391
293438
538816
165349
748526
84893
672949
594820
92082
117671
883951
820207
946349
438127
330494
284366
422033
735406
766173
961510
839552
248729
334084
586691
46699
963035
989530
908674
636891
699188
649352
935417
611726
847982
859113
986435
566585
67063
35805
243819
956397
184544
211197
386868
5140
76657
977512
504386
923162
425382
162492
21353
421608
969291
738721
708561
882635
72495
62655
639106
921779
211720
725648
917202
675416
223459
355599
211688
418551
856133
887823
358060
688571
630564
715881
894861
672758
771323
245198
803246
624206
990926
625275
700974
558837
925114
383242
839570
56464
668727
851364
699602
250809
487278
917524
80701
469280
591025
306551
732809
119500
80731
582864
429627
645567
212038
763960
309935
825016
513634
553970
217413
546642
945848
722780
960360
561738
874108
992194
934204
631518
964296
251533
955619
647504
577211
309593
659820
669514
974381
351396
697754
754395
911693
567073
629260
542943
992602
619053
821582
730365
946938
104985
139323
279883
318458
821797
176460
280972
550435
654
135234
959897
433781
419967
826796
424541
242499
886307
763413
969209
933035
966170
315534
913673
658927
720585
146579
19070
836149
427596
369821
615850
947863
172359
251588
206555
625832
949530
745230
339742
291204
454898
4568
548581
817171
396412
55903
804163
39194
182645
350699
368851
135677
114590
949146
423289
572501
318027
972485
911552
901738
266009
866321
228387
40205
515071
400788
777319
805333
120254
940833
666149
221940
886450
648946
181606
512501
527691
461297
724967
917908
310933
958691
903611
663609
685746
500081
696592
720595
251562
996373
536713
594893
442649
753565
838859
226480
3206
643231
93396
34517
966676
388282
100037
455237
417682
933252
563392
164975
181037
447381
191340
817541
621957
47343
549269
138867
172828
597321
933489
38972
519915
610934
837885
684403
25295
643895
856006
102868
749409
812058
87684
959229
221603
309580
332513
815500
906197
555970
250839
874262
259560
47616
292918
544128
873034
613061
113989
196862
73056
45203
686721
555430
332754
468254
216641
581168
976255
812945
785017
711948
134545
609143
46301
424544
118764
736140
789149
93213
608192
375777
557519
500157
621374
12966
250347
905563
866856
419927
759663
201966
594048
592134
144611
236707
481058
874305
330935
527831
931246
772959
181448
489518
691421
865516
728705
515795
709365
109166
329502
308940
109527
469460
262988
619128
719094
80058
196461
418856
211746
466587
639927
823960
48706
958164
650108
461321
2721
367441
249156
368700
396575
765910
727830
720268
497159
810220
181078
200553
385217
329958
151944
474157
644958
375567
745138
546524
463121
317489
369312
887741
552701
652612
4225
341071
7465
667058
263343
696618
336145
837187
447180
99636
779414
271082
625735
120252
809173
893227
311806
182582
62868
649127
736830
910867
652377
298310
113893
976956
214101
70079
204137
101868
309374
131463
967601
287528
269882
137235
266145
219995
514359
859724
965107
227154
967191
948815
12417
509968
242505
714909
160223
905807
345395
103846
994980
100756
362379
300973
957258
821165
155781
464919
189995
693770
532006
313878
844651
991222
946424
609901
259125
142448
265366
57311
308893
325738
772775
533304
470885
516125
354279
993207
796635
253895
992353
630486
716128
544066
8377
492280
801283
13890
378789
580782
592651
895403
198908
655974
18388
226957
941351
303345
396944
894525
571252
739824
805999
306257
347017
776026
851993
978487
958837
637355
13720
465266
400098
405164
510099
533555
72039
816732
182389
616336
442938
146616
654701
223523
566467
548716
438670
308866
62155
920790
470870
563670
747987
21171
895243
915290
522497
370920
706305
287282
111605
826607
165561
612901
161338
343324
531620
232505
149273
641675
335493
856938
552327
419752
498420
162758
575166
926683
106494
461928
464681
868046
776682
628559
434936
668764
66902
76378
542868
184919
642432
909346
209196
744566
248994
914036
445742
565594
279604
373481
498706
660923
592597
884964
241680
625907
538564
810216
308146
141735
318664
18195
790211
857422
764464
610235
72359
42335
220661
847716
854212
248219
164347
459291
823646
285812
583542
571954
230849
898777
245482
875607
14487
431583
782730
174995
642777
931725
532482
452381
858594
392452
185744
794008
540128
188745
22797
669296
386723
667697
542986
221772
151192
402728
82325
894000
71119
418141
380827
898611
903095
597838
988839
213399
397932
292843
440457
898954
843879
175337
787346
619896
380500
516582
139323
455435
789697
416628
495781
956352
749554
481605
482235
574055
550609
193905
690291
186743
714754
66150
265396
100171
807253
168428
545746
926141
917013
983379
499380
596190
247485
998652
422935
107343
515530
790210
32683
999295
524972
178499
550811
973953
609494
646158
79658
437448
19765
551595
229369
288130
416445
35969
783141
147151
584222
959464
493325
42333
233877
960844
245169
843810
602848
770362
242485
405492
519626
573578
812549
738760
318820
506985
828244
822597
314260
968898
12605
925700
932231
99785
503370
370471
108290
592164
312082
987347
359126
725430
150780
259147
820210
99848
335330
28842
840594
976086
273554
680317
765717
61748
300590
339131
760877
237659
843699
392801
391344
121365
928214
482478
813003
771712
813194
973432
127445
494018
477087
228906
946689
638601
920324
840731
473326
542973
980397
865931
876441
268421
786127
99068
880754
816499
447880
939947
514060
770317
986716
695977
447533
783481
554715
861339
341893
537540
559518
531210
241724
782095
934255
231592
292452
591126
379016
238816
936462
864862
740916
787928
569848
49531
595219
219462
324260
854011
379001
843628
288515
154547
141237
533809
749200
553699
37806
751390
415482
535496
98985
539377
216569
311615
208296
217249
316802
561489
961453
693808
587093
938399
2205
310950
4596
811755
775295
791343
52142
546496
196515
126931
925785
463424
316895
593869
617629
366728
538293
248331
500013
250177
301393
783106
658321
265030
448621
43178
158367
303533
393367
845597
262153
630324
64907
108808
185935
847242
691898
490635
752853
210423
254956
47859
334991
327976
902145
818321
923352
742427
701971
69303
173667
996195
942135
237774
300744
378713
558563
772695
303872
969055
683369
292156
602220
133522
396961
545554
445199
297355
412389
647534
972573
763410
31670
211873
571947
505057
797373
427793
395525
444176
161835
867829
214494
161569
664833
932844
731362
952618
857772
908603
535592
85659
414664
837729
499907
292267
985029
597273
679224
571108
499303
972396
427209
747591
630695
566256
286640
409757
784311
956705
161127
419355
108771
521497
106660
76593
328275
455407
397539
802991
183149
96810
765275
82644
78551
623393
779794
302517
847322
3056
944396
587015
52002
145048
752479
970697
785377
735540
280930
230288
808148
656340
321220
763760
312798
905272
477880
224196
538000
96875
797646
899931
490250
336249
849181
74047
224251
816398
237277
601379
645891
485100
336465
383976
229050
885448
760929
219276
977674
54274
467333
170928
881463
778560
535006
968132
696447
572134
922463
75793
816925
443123
173992
948002
729703
109883
60659
673360
617815
312700
458023
164329
74790
616224
610506
104636
666068
116687
365972
949380
637957
522605
905310
532143
449925
809015
510137
57801
907756
664629
919067
654154
156829
189533
972597
168056
387624
309444
674656
647162
217359
30977
643509
246331
184166
272864
733819
249655
465492
864064
816635
820453
912438
491914
787696
533249
412514
31950
500827
661621
929032
504828
937843
467043
208885
981243
484600
473042
333745
277481
693416
51378
641033
89008
537291
825037
996583
735489
662633
369869
474269
828272
697436
788452
511104
691500
471936
455899
538097
462745
261254
908603
652535
898828
224040
455314
240584
765730
541943
943138
719079
610429
684112
624684
582118
186013
455469
291668
190093
341783
502679
578417
2643
760052
788025
42163
574217
985320
879696
111857
183702
373676
908671
704783
491933
348603
836415
311752
280763
399526
427380
145822
697644
46293
790362
344411
69709
801947
450590
909378
459068
336308
311817
853591
216411
861790
8087
400648
750132
51537
137510
49847
147510
442139
405322
1317
58782
265820
263997
945212
580081
669148
420532
173497
779493
80644
724877
141492
611104
86400
899875
35661
7192
240238
31812
325173
682841
637763
418234
233750
193573
726715
422278
988576
568821
975738
302891
730225
260318
125700
846694
766432
226895
984406
74619
140519
942391
281695
66794
745194
506819
178910
488513
79528
103749
32025
316875
253373
393840
254967
691686
261969
258880
821883
80498
734113
897334
21469
138469
345832
978625
270022
741564
570089
529528
682152
965708
397788
858436
235577
56503
686899
171227
604426
904697
255431
902887
586504
556770
442212
106309
221773
674654
748589
662760
537828
501424
94510
294942
806488
191165
550205
236523
453943
274693
754891
102993
773480
303468
108620
912049
157990
564342
48129
305675
100184
511506
6558
842530
670223
476557
541725
447163
707995
966567
734687
407427
352266
714883
409594
721296
30270
210359
624291
879424
656426
191556
656249
271166
464873
47135
123948
365603
750523
138542
269512
142648
99484
763214
806626
626394
129795
603857
621085
113527
666420
941829
215449
493364
637058
775727
78010
945
815397
668119
877648
776612
85427
907453
249704
558946
639167
268521
186094
734652
690635
259744
638589
895238
97834
500339
598341
981875
571063
58033
565144
641372
46699
471292
581393
6943
100127
840249
568609
927076
666335
917857
220215
54843
512103
721845
417868
81633
914237
601998
948232
408930
300906
642066
551124
826712
643286
636290
577661
353873
845759
723249
519873
752975
327062
470800
844282
30376
441078
29220
592612
379534
668610
844440
401741
785961
767065
320174
104472
991584
890425
941521
355117
901175
401005
158983
771393
558099
823604
526530
163773
505304
832752
30869
350542
952691
622023
182148
415368
377459
511386
48308
145655
159314
826784
518657
373252
772242
918494
886767
31937
854787
844869
610168
192337
825377
338920
946563
949623
28570
697752
441910
831225
955436
288414
289250
828656
538029
689684
764765
635631
668004
8416
46061
325070
26645
577422
728672
218066
236699
939337
21561
756986
568365
130934
940229
193065
600963
172205
615179
785579
46673
904085
560993
513317
357618
344411
171931
831646
891744
482319
685215
54564
613600
288475
680212
853532
266235
310048
581241
852010
676518
278383
169810
904248
626243
573600
260412
215207
337344
642963
475042
900240
657885
598401
131976
965750
714828
976509
40645
689546
672881
433037
319309
813785
870985
615583
519660
25110
743526
259306
979919
162368
39704
953122
953725
156143
89256
20887
228195
976065
960766
106603
131852
739163
521250
85038
186287
766942
18271
317016
106594
577128
968708
63714
417453
779204
943236
78337
40313
324975
520829
307008
140328
465096
130261
226361
468030
904403
288961
407599
667388
824681
423392
385163
867341
765696
651395
908657
323674
598739
821904
905535
426552
536686
51260
649122
266241
294360
615861
7892
603776
373404
127970
122678
982406
982518
303874
542981
477465
723287
268593
975100
201804
653461
769161
123463
4394
267634
71525
861087
147084
261896
560129
619846
155466
160718
291005
169633
680590
296777
87872
416877
931780
674257
680249
828447
657837
443070
941185
279388
512787
471728
925021
487058
877783
363832
765535
906289
89766
839271
348139
743178
736330
4656
932247
192258
84829
225404
675116
516338
306584
891979
88714
619295
47113
171394
232679
871633
823651
414101
564408
654994
64943
151761
887848
666629
648225
274950
359301
41952
381509
476880
782010
878215
804248
586114
964663
955142
601075
598446
352045
788523
591330
323218
75701
707838
259348
446050
14224
519774
567338
142253
444105
390970
997874
559407
263031
982440
780077
315380
247327
525093
382924
931364
88438
380330
244474
38191
787011
459367
380691
130389
976931
425311
678002
496978
999078
728543
100711
467429
349271
981596
659912
126908
718490
727272
59486
528318
819309
884945
639680
125108
624208
567766
550398
608917
995393
756231
8884
227820
857121
518136
341822
140456
338034
913313
902474
838784
729346
392725
823112
853441
40865
281245
427775
233909
970189
925297
742073
998578
235375
162642
401567
260668
273790
571399
80479
245208
330946
229233
925705
764910
547059
574669
561529
82073
496576
361158
313263
639375
954091
773685
296251
586536
343057
78582
436179
58701
446344
357736
626439
841790
338913
879488
167819
957759
157708
470794
838131
127584
283291
814846
716478
932520
661663
429883
835081
770205
142190
617315
662244
345651
737094
155154
48642
468623
395020
857211
726090
215286
638061
436897
624522
216982
726502
399472
10891
62385
929566
486326
364223
607138
542512
249473
404631
642702
769095
359317
684529
657576
396387
222090
431
792928
514232
315456
644323
867561
826037
123968
26150
70821
19554
228337
189384
428080
989858
959668
296161
388678
946136
862620
638662
675154
771558
121613
119128
479956
562001
73712
525686
836205
929728
33744
260882
898314
915171
447060
653409
784491
789553
747225
354540
726159
146633
870251
456388
763134
322938
944929
156882
696178
589726
531794
275596
698595
89761
758071
707972
992366
867168
585183
382491
407969
428908
492553
864914
229989
374701
159009
154561
49225
135395
535578
661344
23783
431240
580068
769986
737013
186322
547531
85346
806378
349204
181420
23318
899850
918276
443476
99616
364688
882007
367990
596260
809400
959304
238857
413555
103014
53496
853116
86021
98102
527408
922647
475270
350753
758978
630319
207111
381256
868813
226565
643733
691552
368798
181629
728935
930107
838068
427510
735856
241007
412380
424906
631381
858341
161083
303651
271481
100096
613930
444664
808435
232743
764667
212387
329249
789169
848090
329953
35222
970092
688079
552293
454702
637450
17184
629529
575043
637929
678996
585586
523704
831229
853586
778990
39410
656733
824423
555053
916071
439014
854374
326057
418126
363152
400937
610388
419318
257867
836982
491277
552499
277269
441342
366590
180851
574491
891647
605589
297518
447817
268616
965340
473212
297968
754460
191095
774336
960531
232880
880826
531778
993934
649487
642276
304859
460644
182174
299324
460617
452580
678585
836935
928098
654582
76859
197539
365670
868359
646301
998276
158957
999375
928438
51976
919679
812795
640992
368184
764354
307644
49403
45021
885966
999852
585483
907389
558173
815256
298621
718641
776670
679214
181511
990628
424552
837444
648172
669994
165260
213698
517023
220538
452291
847406
917311
854026
686534
23698
710465
495493
449277
449484
323308
797036
548175
378226
712061
867462
807512
552031
905898
986501
585784
583711
119684
342455
554824
474035
423733
72165
490600
634369
539625
331020
145588
357211
400266
158901
610581
642858
464995
579635
378227
285815
105318
622073
260040
974677
276744
188181
368784
500847
427978
362445
4381
775018
178067
14357
268679
283382
311993
950889
105984
488694
915679
79821
155141
307978
651896
190623
360752
314805
313706
311766
936490
972400
634509
744025
263103
737994
124946
519678
915914
292410
645505
564893
280143
795587
32282
281937
426535
100546
990941
281163
556246
548567
202406
457106
308792
593262
399664
953691
135578
284777
369018
29120
1830
15596
231430
351520
228214
229444
566078
222548
171401
258740
147762
547593
258451
468638
944188
932863
851694
34379
156869
762461
82863
279767
35744
519086
774036
113212
852691
815612
170521
831097
793335
876487
311721
670558
148661
494626
110129
335031
938096
987435
638225
592531
53633
967397
13228
658351
295133
663412
670047
348868
739220
722036
303438
934506
193842
880374
307162
345639
935880
37207
574959
366937
470661
516991
825465
613819
192957
721075
636406
595479
703500
279320
638183
925448
449044
405317
743776
955883
733281
993347
293567
136930
103854
497828
494521
976004
840897
836540
934480
559781
46001
796289
142560
371517
130504
461051
84633
115703
304835
415847
205127
739160
531190
479150
169549
452746
191500
49981
901425
65733
258604
88129
560464
685081
706040
977408
88754
413401
366127
669399
938232
127143
725682
773580
746034
539737
665892
559119
731917
938053
877034
265810
31402
28975
106002
980993
424009
607627
45583
716128
902308
314160
340194
197569
100888
467036
248213
780062
226302
239774
599330
746008
758233
671268
277616
297421
868775
793953
165309
14480
544666
117338
579479
173000
473761
615950
924100
921126
90207
314624
505665
358212
298877
857954
552999
354647
891995
122528
771114
365969
586017
460358
523452
571478
747252
667406
100431
854488
753605
317962
491575
174289
45059
152938
308653
31324
321904
255851
168880
862641
381969
661917
47685
820923
890367
851726
246880
403352
456795
287064
929563
886636
205471
674820
396451
766306
358479
881114
906290
388225
8526
649351
509238
742566
624972
917289
356049
533668
649885
581561
154490
144692
885861
283477
2752
215643
292016
962729
702383
704919
285086
537721
325515
511493
162491
733390
402873
546578
572269
322171
202301
767067
993094
728651
571486
706020
345594
585674
955750
456882
663338
705772
464326
703622
518942
611101
925206
919350
541330
327845
769785
493225
447207
222583
901855
913966
212858
914328
583908
448825
885778
37415
366229
654844
629107
457805
393939
943455
637263
738817
247313
846363
144860
863096
428216
976952
920321
254504
66153
715809
32298
276344
125666
170209
364475
275398
229946
266428
256800
273364
558790
721260
960131
804431
84126
67319
926487
313534
867834
802729
157714
452420
3317
162163
795319
866129
425396
344672
854801
447531
308768
206384
133819
625621
947342
185043
223388
110105
276160
361923
761649
481783
164933
443326
830467
278634
669691
200095
998903
404627
260085
394008
230404
206661
288567
455503
820479
248108
591582
686098
664786
909850
758109
585143
488907
62832
106722
206164
742736
755301
258390
408279
595057
705654
667396
697156
387990
622954
327313
622538
794583
100481
254633
948672
794090
521016
949371
957761
217335
474236
737370
826848
152520
356521
760004
461578
579868
746685
945536
491511
388251
232093
301664
654668
199907
686276
854374
81809
228672
329284
878595
546826
251451
521786
413370
378164
932489
187027
936356
85405
534692
519476
154380
297632
445176
521163
25402
884093
39667
27824
471885
100689
489215
753655
314561
886774
761548
181908
87569
697657
937478
686059
818102
142900
716518
315060
511053
316744
915173
62856
588182
988217
202634
64074
730841
852326
35556
663476
314595
411107
483988
193149
203566
756277
384386
390180
599326
368873
233072
708828
303976
604369
706539
52052
381645
863132
338653
576738
355204
847825
916672
465803
552566
964392
238125
761201
471267
814213
962259
721178
128802
95506
932867
8601
818245
481655
888103
300827
650075
811129
705747
192720
456206
101868
807091
31027
492845
714774
111140
126520
251077
943138
665056
741074
864424
451646
781137
482078
129359
730577
976134
848175
477979
607900
7747
704118
64887
887980
269362
365646
750106
45433
833720
723170
936937
517599
493475
583420
107769
156598
953023
479338
180530
258448
703304
781327
112271
852494
777977
436995
473921
306399
199043
629864
655988
149335
718105
822474
482025
917544
100136
286386
273666
275519
505764
414728
441884
431229
695486
555234
535958
976016
505650
617517
76913
354670
292732
369654
630928
451886
560554
724758
569886
646402
187149
750072
91982
437397
187017
412168
762813
105469
165708
250810
721397
257629
538587
305652
300555
176730
724552
111257
577768
692280
288128
494259
199396
824592
732993
309820
945998
587248
154600
954250
176008
841615
748136
269716
241871
769195
868183
633253
992345
199681
662498
451419
943895
768040
166241
265116
147418
559883
121093
585495
285266
456513
764206
755570
250481
67019
291418
543445
211949
558057
353015
614546
190373
766169
319577
324400
490587
353965
636486
805331
146208
946376
425199
200393
713421
33845
67450
167027
773421
689635
646522
719566
859576
994177
153600
807965
494842
744498
261515
439989
803859
238765
132634
549861
630807
316725
944610
982783
192533
657135
951772
155911
297781
233765
990454
382584
352891
738006
639977
359725
154408
475831
965482
867379
720831
560714
671098
71912
170405
855770
81752
106383
451809
816784
770711
346548
859332
313077
96202
105654
141090
112133
994267
174454
537726
303212
787963
504731
327492
700256
845619
467711
143535
887962
243801
489657
845387
488690
26463
32007
868052
746518
289158
934872
176126
913702
788464
563316
145294
226928
516946
169545
143589
163779
127944
666771
896541
933106
37314
180838
311820
99559
818588
972891
504102
782177
600204
294613
595775
68235
835764
472879
236269
29178
409304
39684
19980
668035
659753
37018
505243
349815
750848
705515
607107
228477
982694
317010
684984
75658
255888
566607
703288
176191
979112
225975
991921
5662
88198
504955
948735
215210
358909
577234
654419
891995
582994
546374
197295
266619
314120
64344
495949
109344
879959
800593
295136
665862
929851
15399
935666
15496
570600
230024
258220
704315
426778
171973
196340
101992
721035
738334
150576
890915
50494
176934
132842
55500
449465
220947
136140
52002
888591
495588
669706
693759
985691
534511
382494
987380
562057
693574
811567
46593
91662
683589
945291
911473
420856
858683
594323
777488
288479
243059
221558
309514
953211
317150
345109
445282
929807
435294
257542
398603
306564
900529
499125
119143
11216
544504
844644
43609
82837
409315
533970
89225
122886
123772
634234
554100
107652
986316
330482
935852
118535
518318
534772
347955
486327
104366
338042
414064
750555
21468
747906
197580
556392
966515
996913
957804
152315
41761
112532
95691
700515
422515
408129
792562
852245
381151
420124
505367
720386
429421
79350
990160
630982
871426
178639
390770
11319
736650
726716
516554
900190
945921
583204
724919
862466
583135
321508
862115
165663
988638
545490
316444
513590
69609
139423
675411
944382
143202
684822
15407
156920
414416
797121
775823
352224
908644
295786
697499
759871
268710
730751
62533
662302
839873
448655
503778
523285
159079
561329
560223
336385
178466
686019
561121
335059
629241
959824
752573
678789
355067
990219
451153
997288
283883
973880
257277
172890
348551
754602
819457
153491
853559
728295
91893
294238
349647
590055
615455
92964
560193
890427
967348
781283
959778
783563
764078
426430
371927
528504
68550
793711
958364
61472
257615
866392
752944
775295
704815
230262
416161
960690
55482
354678
359215
422360
611564
602530
408544
364369
455555
844212
796064
98984
187191
894987
895826
681933
957911
850555
764471
511931
880386
588287
611769
602040
849726
334602
236053
201147
312312
739131
945124
837479
826200
340526
658244
786486
901568
778286
812327
787377
455138
992969
360504
429787
308795
99069
101221
943022
434864
86990
243917
519869
617027
83257
396808
813176
725618
967298
829389
100622
252396
225450
544324
848621
767153
527997
292329
975589
919429
129351
134489
395050
312464
139110
353277
658744
511765
315835
899408
785105
628813
331578
695310
688162
36895
988961
119867
679811
543167
108550
330956
818909
107104
643017
636086
451175
544215
117864
227922
983433
290062
457968
461482
873057
91617
665041
608547
128547
417880
261451
320774
257435
492354
91269
498988
715534
776426
862716
854150
862782
385273
748312
171015
20685
285032
762138
846190
427065
584095
408562
601395
494214
557551
498734
631245
777977
831721
186828
800798
510016
849177
914672
823485
392943
208930
299633
732637
932709
351543
746445
692318
37325
537459
574717
256304
308416
297622
55780
879968
128968
363613
763297
908097
153728
793469
322179
95480
281367
121147
963228
426659
967539
767019
190446
240486
884657
883715
440194
8276
858251
713626
320728
288119
707091
872451
207993
946621
886748
603712
341352
815615
735288
228517
128823
279022
714523
630603
994869
285212
619998
633261
520773
731493
52192
650338
985354
243576
321991
53175
125054
947653
303076
840168
440994
994245
13492
845179
972304
10593
603459
116986
436332
236416
772396
705675
240185
750448
215099
653229
41607
861744
118003
78097
491466
191767
31659
22163
944263
321061
499795
558931
550503
292581
445332
618293
26606
403643
53269
545713
496389
328272
69211
994263
536819
812886
678664
861155
279018
424954
287812
81976
229566
594790
268025
180989
379121
745968
464184
931665
304489
690722
705529
985580
87811
555558
519359
24595
626432
970702
609626
748151
335773
409406
23046
53995
577217
370999
766577
151680
185104
370688
598938
364288
187229
903986
998741
11715
956540
712097
660267
617200
788212
20706
144606
331988
103827
468862
795146
467032
592028
421426
391590
311778
776604
756639
391146
730315
410971
697748
63115
871032
166765
248502
515554
190295
247144
413130
485034
955064
9584
355615
904744
543109
441581
340443
343845
50336
563934
392160
400791
874072
476359
308890
850462
800199
340934
44391
74986
533386
907012
963620
613625
475358
86534
160977
322814
283475
770659
716832
144541
384752
908304
725727
533907
199268
423959
308542
78643
260132
250343
518591
853707
142117
687300
488507
308261
518136
891871
560907
400041
783677
318208
398745
663968
601541
627423
458243
53587
100360
49299
94504
111442
593215
812386
625747
903824
758048
5495
736130
441772
970228
762737
523026
271306
584918
170455
58696
695968
864330
440170
564094
744845
885239
696339
971496
822499
480834
432572
922306
97413
403145
237179
985816
478380
392057
383528
302769
533828
944973
187791
434457
854131
475811
232385
557834
68409
937468
961221
705014
799986
487632
34348
900532
961401
520076
480962
935236
583975
398378
476448
169792
807353
159594
925471
962530
499279
902962
968615
820460
239313
315839
794533
317944
700780
57735
720475
625436
105210
296493
766161
738617
758656
373664
868585
891105
910544
185297
134800
763042
767887
293263
278609
302387
788049
348544
682499
298298
11232
150078
387939
118456
537820
780235
87100
766098
425276
111539
878978
847421
969138
484605
348223
792900
910381
120205
88613
192377
272312
782169
51137
630454
482240
593798
28881
906511
345203
92702
752236
714710
915395
195696
775967
820297
233737
884357
268377
855324
765639
95162
263036
143135
158214
612671
490323
828941
760990
143146
70115
761072
954900
998905
827866
122675
838237
4003
38756
653510
99905
762457
653021
143528
229787
724574
281889
597140
119677
987392
224126
300554
997680
455410
454923
739448
267480
902343
730066
799109
720950
234701
107688
827003
811336
261700
493406
457103
739467
296377
940688
765453
633569
694404
581850
632484
782861
40730
51627
443532
209306
713552
890929
234063
123739
405805
257780
57275
854926
608682
738239
586787
125338
372296
478200
67212
954744
479502
66577
642875
487406
154014
860759
761305
395829
142515
620776
881728
93436
94650
4226
410852
537797
101449
606966
726817
814062
166848
831739
527388
114250
497275
919390
120601
311086
396081
914711
723161
446728
840684
388471
475886
396008
568037
822910
774365
159395
196859
716170
760301
727884
922960
791593
703762
591843
323456
409487
630641
711818
959551
285347
782992
227122
610766
107124
281116
205909
616986
101961
821013
453532
919793
66261
987162
706272
120865
642889
444429
672461
934959
9156
67746
294627
987697
199782
914185
725526
291721
864194
195638
876310
592190
693041
134409
554985
269752
612291
432991
392755
64472
288081
949428
258968
770802
9134
341171
91640
537384
922940
668637
407129
638820
4314
341137
112099
156977
668219
389373
722116
546743
423058
524770
655219
734929
698729
100413
59410
363085
235089
782295
555117
213887
663156
689515
974048
493954
76166
540335
848916
925708
150682
25153
989033
113773
442385
645615
481328
938084
217773
901027
472527
516254
699588
156521
858568
820364
447311
123551
12947
741727
662754
908344
77735
549731
821302
471468
390808
141941
898082
161216
778138
867619
964137
571885
239331
654750
625708
704688
403055
835614
529472
448493
570781
409491
854298
164609
100087
50179
69607
374819
454863
614596
961976
22581
446404
863256
407835
116077
532836
99680
261893
413274
231595
263999
841067
703574
316138
81676
447663
915911
193795
511091
981111
232209
673296
161641
381274
869404
120164
674889
109684
225981
421033
269968
260697
434691
835880
433
366310
901025
513512
417878
702131
163891
335469
480885
52580
31086
631842
487690
260383
59177
866577
34934
703704
408386
324238
882868
423175
870190
661748
216180
407483
262177
886023
60502
557321
811158
398777
311556
919708
213948
894728
456684
105904
318653
831556
636057
622810
737323
673646
442029
60927
86601
476028
70717
242981
883124
832122
455625
585446
918061
425930
576790
505600
92995
577420
99370
915530
92001
873368
100260
667842
213938
33192
646645
524545
233324
124307
866111
356623
438976
279860
3848
999379
55965
711785
439195
142627
534939
390455
22075
246266
109643
580491
576645
896903
605720
920604
154593
557602
618201
408748
774180
288089
112503
796396
494342
580841
866614
78783
635963
520584
557601
688599
157999
205407
47638
423548
229091
681622
829547
504363
266975
431111
627132
151899
278419
378068
533395
404826
901646
925076
597170
963606
315162
515880
593791
782520
672626
501100
964621
794987
61536
141001
261955
107643
512695
838632
839531
525272
836714
533313
444825
759353
492552
535889
642549
813661
902869
858410
916008
497964
792518
186980
99039
216701
778136
597681
592639
8113
355533
259151
149605
263932
758532
209942
272472
56708
549940
588273
16462
634785
421509
447785
320728
26885
423434
196445
186538
747445
919135
431246
523659
113397
701276
133655
38165
469186
815219
121850
408106
485241
186860
345172
876915
65493
671673
769971
302422
649110
7032
331198
353908
707004
453958
633938
555867
717746
967098
555694
436111
547720
724805
776644
42032
11097
865956
67184
587336
895116
875647
321988
658483
815477
526114
711874
812587
719067
44501
808739
459312
809365
810841
788308
636176
951629
515906
452288
990680
733862
155308
611720
326679
199162
50011
114128
219851
267196
541555
561075
93547
496381
914576
594646
924624
640650
648259
247386
177217
854002
173418
483243
152154
750308
757611
273909
167191
129975
774989
742071
408322
402500
910258
996208
386807
515822
467637
3125
876753
259522
753116
281956
459187
275001
228666
685747
463669
757594
966116
425506
412392
836604
531213
735695
475336
618
163777
927080
879229
685343
227834
171642
454862
494448
638883
252072
315491
783881
496742
340536
742324
107151
636020
33352
992084
175269
382289
25950
898516
311690
559384
613468
329749
765984
544019
657298
647406
691848
745967
683182
519798
801576
101023
190478
340718
355406
168208
704950
527438
218990
491972
460765
802730
240391
549326
926882
786369
759588
613352
702044
592162
399679
177268
909903
164348
24576
188686
792698
926464
781411
570122
47501
920117
647991
439055
291895
614232
572290
312655
154014
761005
725314
28066
661800
864038
359374
907134
939062
957743
490651
525973
126321
30484
202203
678539
738428
12560
1280
923475
774089
96819
214943
98981
190791
890798
297775
529949
73593
683774
818160
527667
803810
621427
985512
37651
186589
139484
974024
815705
366601
991313
525294
164651
276577
275421
878468
912498
873321
141574
532805
693877
216132
785082
828384
825044
428707
231831
571125
354335
125272
26454
519484
548113
400968
350229
754309
25900
695871
86145
398042
330482
183646
460189
402112
793533
699503
459313
219548
4668
835289
395985
517619
17034
522287
543752
352970
198124
310562
820706
166316
388519
66903
596307
963658
596668
160979
980871
32060
973058
712659
298247
422374
649694
10105
791237
691702
671648
84704
415044
351241
50685
621200
730726
633645
10469
17357
149779
610881
360385
288202
749444
362681
78219
544891
951785
196158
740489
997960
40701
474610
895591
9117
68132
246481
215280
720286
917949
802291
82281
503992
347338
326382
280330
869331
422841
777624
950361
442403
703311
199337
823141
994206
670576
168127
953693
280776
484621
63612
72587
799210
351722
683146
513456
448737
36555
121791
44732
375186
529530
100827
162090
835771
25400
283054
629750
391269
507710
673623
904956
775862
974126
594279
49263
903970
675675
849251
62706
692290
433393
438952
786774
748029
894019
664937
510577
319970
477935
965525
257687
147928
174384
542292
598840
371052
598464
328751
751126
426762
279656
137807
381152
802567
933797
513565
682992
254299
768377
324233
12190
436140
129291
363558
397439
76869
55419
690419
679422
706917
322119
908725
317076
121908
410771
327039
776039
473745
998104
670292
397821
75910
566060
512355
399067
237917
699049
314224
947006
927628
935357
291156
844085
621259
215886
404187
918297
868743
590983
419275
848106
638895
647556
461828
628552
114795
909974
550019
975499
455276
316275
436992
828735
258078
484093
788344
677887
501818
13677
198277
137836
429241
877212
448040
938123
943779
362734
992297
735033
321669
1435
775701
789707
407873
878299
647143
723654
309824
57582
263553
223031
117954
351877
618777
71793
331797
101776
865073
413217
916964
723429
289086
223119
346471
239178
284778
814195
328952
436639
880053
855154
61382
523307
707126
110324
213858
164993
618048
317602
560119
474574
564704
257473
512662
165762
861058
141222
855855
65305
982003
322325
171357
273093
163457
537210
999000
567162
515838
994371
272782
970517
676836
400792
851659
636138
110354
759608
363668
273448
343220
532593
722324
36523
710658
430268
587310
222495
276447
179378
945969
967179
901601
26159
852329
712897
286960
127682
538450
214561
84871
699086
10728
835205
437016
446016
934682
534220
739276
265324
379420
788038
777576
381255
924892
427065
127883
859195
376652
605966
145940
486955
321694
360475
650336
699267
917774
661710
643376
232890
690009
7090
842794
635687
353419
528993
360950
129789
769014
729863
181897
655781
627710
175502
581886
481014
349330
124075
416608
94420
17461
305413
636932
92194
301754
997565
461523
409317
467790
877662
78054
763254
943343
825699
765066
588451
931195
251871
998179
597092
299491
752013
302572
844661
810740
747356
544980
200826
240247
445284
326105
141549
26231
927061
594029
653129
67813
923487
338984
2606
171111
188213
77131
483674
529254
777036
100951
654716
113842
629249
699336
271910
583955
433434
383601
199264
797613
383332
554677
969816
90702
276860
751519
192248
169304
279466
576927
421264
339590
329576
213794
686578
23132
410816
211340
957661
664495
249299
90709
969937
29838
182454
555645
883393
588812
351158
677165
255143
719019
926332
258348
268465
551
185036
483706
700505
237020
589287
332365
385106
686804
4561
481509
458206
62705
755501
308174
528509
646579
68420
876338
361855
395879
132964
422488
706491
494253
486565
500157
984408
280100
897735
253005
409032
741364
116791
5182
902677
924151
881584
86602
205843
552453
127230
828295
917301
569562
538846
111524
765884
145126
279554
653314
168970
804658
165809
227948
818133
381354
83082
493685
647223
266251
599144
522861
720674
338409
630433
392127
768880
766237
731433
698602
102360
345739
882196
479130
574525
97356
25337
175842
825056
940860
853490
94809
195574
607777
755839
610574
620565
249014
489930
28969
242375
459668
970885
45151
346497
925052
279919
821969
471150
276611
700854
569922
285796
161754
526135
573363
459832
377209
906145
529757
493549
569512
640055
74122
536647
66474
348020
622865
579710
33478
822408
919084
853710
419763
806401
688823
40683
33311
121861
400520
196754
222684
599803
319077
339067
16488
495818
684262
93291
21463
168249
634280
912549
821855
798774
290155
782336
832640
232690
292169
524692
366926
502185
145620
935502
542236
646143
893194
831395
866183
505286
17783
983073
456284
894813
20712
388193
953447
750706
152071
265753
958745
932199
795672
813006
580052
932242
400015
369638
338455
824927
427979
348443
13185
837649
818803
703756
661891
412901
25004
618350
522471
533143
261684
217759
301495
810878
209246
833051
567499
739090
110122
567431
538419
967630
774784
844715
91901
245808
505609
830013
261603
155230
352043
269464
304148
745891
701599
335628
483165
471894
31792
799695
817844
355611
360465
905744
529249
195459
512731
575596
367626
49743
487971
537018
78937
471762
563637
903745
934219
991732
278191
798665
899096
829714
260411
109134
638843
449347
999978
176657
743709
752438
773674
153674
345826
520695
379236
954360
340367
493968
436724
683608
720405
268876
995014
813428
987455
780375
