390273
328346
20378
833932
453955
442049
491085
438644
241024
476819
789886
151989
955951
763387
217021
994899
150494
648670
642888
699361
681003
639668
585504
677039
905004
702142
561081
588497
24367
483491
441674
830343
424411
166763
822469
154574
706101
545942
445665
428866
756927
518554
333138
129262
64570
45112
949082
864946
635725
305594
815737
132112
845054
158859
967744
709651
165724
697779
79556
826268
667583
652141
525741
344138
722856
578726
355950
422917
720834
482004
437711
764391
366346
207281
547109
687880
906890
866259
658532
646821
316032
573610
238539
837357
264478
414229
51773
773159
355307
180577
185584
813058
18823
116831
617086
397755
642635
323872
753497
40101
998158
776015
822620
949080
271429
5356
188348
64440
127618
551777
880029
288737
16285
776962
713793
1452
604784
391462
747163
586657
996731
576604
835330
949241
265641
626892
987329
336910
923498
941356
576011
630817
273855
193051
73611
253448
204756
665502
448666
803762
417735
309492
157450
277528
232903
128791
627871
760386
118807
624402
154590
646899
12978
3769
959805
823091
353097
519306
820409
175799
354984
486751
382535
73966
930102
337420
531362
280106
495835
965403
852739
962921
558844
973409
238447
631552
357537
592956
157802
152483
915576
946156
575817
612947
22259
736332
249765
971108
231436
218156
434283
821418
992168
565259
911249
809408
688857
346678
495331
214068
932414
628471
751291
957970
87621
371196
275087
788428
353041
167814
312869
825667
611767
270602
801697
664820
939233
366760
145470
151938
536277
614725
928667
252955
243664
625095
868077
319242
944268
774380
242003
565145
700577
969480
406407
56801
616520
574041
805104
64048
787066
915528
618260
117205
198774
204607
681642
225162
402018
890401
551117
170047
985289
462506
869837
986751
704515
416357
104352
336129
345138
370692
31990
13454
570600
497439
672426
96457
487142
901516
641108
555488
801600
995095
895163
502478
423196
756062
552872
720330
86937
971148
401301
180303
592908
38384
819717
594441
246885
742777
754925
840601
696304
600784
880528
263365
390520
152146
432488
297535
334598
128936
24064
647888
825671
440901
552095
318113
481035
388988
787614
704486
234601
162620
370395
673128
183297
302377
516486
859501
306586
960727
216280
170949
528297
675557
349540
647732
47475
621876
918086
303031
533577
96899
619320
867125
903858
395945
907267
468611
963688
559982
749137
474068
612792
761285
401249
326075
655948
839914
285013
634143
139974
705684
797670
987514
306050
222039
652151
478925
867582
876506
464134
281572
751638
908848
940415
950913
669863
123284
185707
825576
830230
347014
29254
110663
723369
549692
376813
470591
647634
335367
713270
654739
47756
784196
401562
316844
600222
949755
295117
862726
65341
527063
597999
836859
606223
112578
33690
749354
419529
988508
932955
675844
115129
265241
833022
497906
445984
400565
741891
654118
848887
860820
944109
221117
667282
973177
138744
515662
734050
440419
386538
193618
17109
557311
949570
916080
108760
469774
41613
180387
927036
220437
136216
764106
531446
855035
292096
701388
344065
574786
71589
104805
749534
532581
265725
318034
231739
919306
907332
216597
392818
129827
194065
47525
551400
77991
142469
8182
179798
95017
92316
243616
229732
577426
729381
384430
423921
973375
23374
355270
956656
847545
720729
873328
555116
179149
415595
436996
865131
331272
324675
193717
741553
635089
721224
403124
161372
969443
473594
955586
336748
379045
969739
474581
770597
857319
903623
262502
682957
726651
387374
993685
785233
524590
485346
910010
565060
762466
52283
552841
942279
821193
172216
889697
538051
953920
17873
580721
717779
416069
992040
924935
681599
568919
855261
941047
927587
280297
671040
806884
714159
172226
90018
872494
750023
606772
567172
720952
623627
294262
6129
735252
353777
235105
225960
633870
688717
976580
188657
124178
104114
976356
915408
540346
865011
779603
71959
745144
933315
748075
782934
601949
728506
759527
65902
23236
792248
942815
877252
57565
548964
636511
632401
784217
868686
370978
567189
587311
734323
288112
390315
916746
254110
864849
92664
175695
383083
629741
933053
2126
697959
8706
999244
433348
408211
376384
188632
59082
527624
464964
929957
152415
798452
698863
106846
114893
500290
316643
278789
58682
72920
930393
723205
207245
725882
514978
993699
925754
432267
308856
821907
874028
22516
50560
65447
6094
311453
683935
550050
147574
431321
994614
657899
439407
432286
938427
111133
764514
322417
109813
654523
736416
236576
290964
13569
255695
678441
124906
974357
769070
31545
686986
663645
14534
649870
500028
106026
64367
365373
154906
344529
153596
205008
549066
333594
434756
280647
936407
107858
452494
903295
599790
212155
36952
134192
115187
973668
601860
286737
65982
584531
762528
702742
470198
693726
683216
287961
346503
241753
883802
450775
818691
707689
981838
126289
767315
281207
971472
88978
178968
456385
827971
673617
565858
801290
787540
864492
30731
383474
855136
206228
372337
988192
591171
450824
882191
585435
656510
987130
991224
558136
165508
75086
160751
643822
154913
998464
804261
956677
176392
317796
882255
85549
385015
846729
70052
31403
959689
749815
679024
486702
9240
763416
929560
73664
600652
269619
293675
874328
389829
293331
688800
912140
524577
718790
794226
875043
41898
697153
893013
7241
284383
273441
636115
138011
369053
789388
615688
663778
384362
783478
457142
506525
441759
908480
326278
577719
152239
947514
508636
388760
878296
566217
894357
508312
256420
688356
834912
360909
773468
800888
826550
862853
162378
540524
510199
458895
514474
526399
794979
454452
419693
101708
350321
859268
824041
861167
404815
965322
427744
464002
416631
264801
383082
327809
905258
247776
17730
191692
433997
772464
389227
720458
591132
405119
735997
712617
880655
735949
191696
630404
134856
961060
51395
287390
727733
938724
781354
355275
507464
806844
687826
620782
301968
548981
307313
325085
892084
42856
621743
920097
112268
473232
638923
493977
533532
488250
93292
391933
464494
902233
901765
696512
653899
186230
560163
410959
490518
663876
979734
674487
840068
910929
882105
714659
551611
967193
388512
786690
322310
191989
624222
303687
703027
585457
532208
662474
516490
21179
392970
519948
911018
255734
729467
881944
133825
282990
72703
288644
437799
597223
832289
450327
563928
889422
712651
92164
19980
666961
138732
615573
256885
367434
762116
855075
31061
530582
476879
582273
255161
581572
162315
9721
568213
259753
78568
252526
716541
580369
163404
445153
50366
277456
763008
473487
37719
576054
81978
98806
759767
158560
986759
488312
392340
114219
117525
88409
396549
654980
296474
563171
60029
41947
236069
127401
453380
543862
816511
455848
634004
638306
855997
326409
655853
639108
606373
365378
304085
393549
412667
8157
958704
745868
315175
824977
204727
896477
912324
141132
598808
846271
156487
279890
728107
47812
568650
626367
202508
232801
348404
554088
779993
171813
192199
831200
266313
646535
884614
